24065 32164 24175 31661 25078 19367 24482 16990 21136 20750 0 0 0 0 0 0
21307 32076 24366 32556 20871 21642 25403 17740 20393 17739 0 0 0 0 0 0
26050 30248 30482 35716 29431 31070 23708 24240 23040 21819 0 0 0 0 0 0
31965 34515 30648 36608 34860 25673 33288 27974 28521 25121 0 0 0 0 0 0
32502 36711 31485 36053 34128 24522 31531 25302 27408 25712 0 0 0 0 0 0
27565 35622 31546 36809 32019 27724 28021 24264 27112 28393 0 0 0 0 0 0
24626 28777 22804 30265 20830 23810 24901 14479 22210 24117 0 0 0 0 0 0
27534 30856 30581 35063 28704 30231 23887 22746 22764 21355 0 0 0 0 0 0
23386 30153 25269 35445 26759 23514 31510 26411 24645 18824 0 0 0 0 0 0
21547 27062 28032 31864 29827 28552 22516 23566 24998 20360 0 0 0 0 0 0
0 0 0 0 0 0 0 0 0 0 0 0 0 0 0 0
0 0 0 0 0 0 0 0 0 0 0 0 0 0 0 0
0 0 0 0 0 0 0 0 0 0 0 0 0 0 0 0
0 0 0 0 0 0 0 0 0 0 0 0 0 0 0 0
0 0 0 0 0 0 0 0 0 0 0 0 0 0 0 0
0 0 0 0 0 0 0 0 0 0 0 0 0 0 0 0
