21750 32061 27229 32710 25144 33381 25967 28120 15010 28049 0 0 0 0 0 0
30126 43839 33476 39493 32382 39542 34961 31118 23424 29913 0 0 0 0 0 0
23655 33937 28278 28161 23892 29746 28744 27693 17638 27018 0 0 0 0 0 0
15142 22661 21775 20922 20180 21283 19966 13611 10994 21693 0 0 0 0 0 0
26861 31051 22897 25369 22081 27224 25122 23870 18191 21653 0 0 0 0 0 0
13671 26633 27896 25278 19880 29344 25978 21789 11637 27345 0 0 0 0 0 0
23017 28759 21136 23347 20106 23524 24924 21901 14271 22003 0 0 0 0 0 0
20254 33658 31652 32939 27743 39852 25010 27703 16282 25336 0 0 0 0 0 0
20801 31076 26834 23369 23791 28366 27292 25994 10256 29575 0 0 0 0 0 0
17346 18253 15649 16725 12057 14976 20902 17432 10443 20185 0 0 0 0 0 0
0 0 0 0 0 0 0 0 0 0 0 0 0 0 0 0
0 0 0 0 0 0 0 0 0 0 0 0 0 0 0 0
0 0 0 0 0 0 0 0 0 0 0 0 0 0 0 0
0 0 0 0 0 0 0 0 0 0 0 0 0 0 0 0
0 0 0 0 0 0 0 0 0 0 0 0 0 0 0 0
0 0 0 0 0 0 0 0 0 0 0 0 0 0 0 0
