7 76 75 56 26 8 70 74 67 31 7 96 17 96 26 15 24 43 8 18 69 78 20 97 79 13 42 41 43 22
34 84 98 75 20 1 13 17 44 56 53 40 4 46 53 70 91 17 76 69 85 27 72 33 77 69 39 76 4 48
70 11 75 90 5 91 85 35 22 76 57 27 56 50 24 56 81 90 67 1 87 26 77 70 68 16 40 17 62 19
30 75 31 87 96 67 25 15 82 60 94 0 79 40 17 14 78 62 88 75 27 2 44 81 55 67 8 85 71 22
7 89 31 95 65 62 22 33 94 73 13 8 53 30 10 54 64 2 70 58 65 20 21 100 59 47 81 99 9 13
94 19 81 39 35 60 67 71 97 45 42 32 98 97 15 86 13 0 24 15 46 96 75 70 95 98 50 98 36 59
91 92 26 6 63 6 16 14 38 86 87 85 68 0 58 19 52 82 10 67 84 88 55 70 29 48 52 77 26 77
47 43 55 100 8 88 56 22 18 100 50 71 37 78 70 32 58 12 7 38 66 2 54 17 21 50 60 89 49 88
69 51 88 77 86 29 17 4 48 20 29 75 92 18 12 78 49 77 22 61 16 55 33 4 39 7 56 38 43 48
74 0 99 15 69 78 82 7 37 46 58 18 32 45 10 10 59 58 89 75 100 97 34 44 42 84 79 34 35 53
