38 33 52 54 85 35 49 0 6 89 78 35 9 87 63 91 45 30 1 13 89 36 23 22 33 7 25 61 69 80 7 78 31 74 50 20 43 37 60 35 59 61 7 18 69 46 43 73 14 31 90 90 23 87 66 27 54 29 32 16 72 57 2 42 76 25 50 52 57 49 11 96 55 78 16 0 38 67 12 65 68 25 43 5 3 96 86 12 95 34 98 27 71 67 6 57 73 2 96 52 87 59 25 19 47 78 3 66 7 21 48 90 39 15 17 46 5 97 72 9
50 14 61 44 22 44 10 69 38 15 29 15 91 66 7 45 12 69 58 3 85 24 70 61 89 64 16 67 53 63 36 50 37 69 92 21 73 89 49 4 81 46 59 24 65 32 73 60 1 66 24 62 65 96 53 18 36 94 27 33 88 49 34 43 39 60 23 62 41 67 69 33 88 50 94 16 36 38 83 11 8 96 48 97 83 43 33 57 63 90 33 50 54 53 25 35 30 2 70 94 55 0 56 78 10 37 14 36 87 65 63 45 28 42 12 75 36 29 91 46
76 61 11 46 65 51 85 41 14 11 78 92 18 63 18 21 55 71 49 84 61 59 15 65 96 44 64 23 57 79 81 73 9 82 37 25 24 14 18 54 10 23 77 97 76 95 48 74 8 9 50 17 80 16 35 78 35 6 88 74 76 61 56 47 6 5 59 43 67 85 73 53 40 99 31 73 68 24 2 55 92 31 64 29 26 71 44 98 8 23 39 69 86 2 5 45 28 95 89 19 76 20 63 20 34 96 13 89 30 76 41 55 40 80 22 39 15 42 21 82
5 48 74 1 19 26 14 79 57 12 87 88 98 11 38 98 58 43 94 79 46 68 54 73 35 56 4 79 27 29 88 49 39 2 58 47 86 59 92 25 73 0 31 94 96 20 66 22 34 94 55 83 79 26 15 83 84 58 73 38 91 53 97 67 82 41 88 19 67 85 67 43 2 33 33 75 33 63 31 93 88 89 35 13 24 43 46 7 35 14 38 38 74 49 71 45 73 26 95 51 6 18 77 52 72 54 25 52 49 36 1 54 92 33 35 52 99 10 4 2
87 35 100 32 9 41 31 12 8 28 98 13 0 6 19 33 76 15 1 54 81 58 92 47 89 18 32 48 49 87 39 51 39 51 90 95 80 38 71 23 60 2 43 20 8 88 53 56 3 48 93 25 70 79 24 88 61 53 55 73 66 95 1 94 4 30 90 76 8 17 95 37 80 45 25 42 66 69 23 11 80 41 32 19 25 26 87 30 86 68 35 22 22 22 50 42 55 16 31 87 17 73 83 23 45 25 95 31 97 19 99 15 75 10 1 71 39 67 75 3
59 65 45 58 53 31 20 24 73 66 83 83 62 14 44 64 51 48 4 26 42 80 93 52 6 3 75 96 81 72 62 25 39 26 40 7 65 32 35 2 17 91 94 2 80 45 55 50 25 14 45 21 54 61 16 59 54 49 96 26 20 10 95 15 42 78 50 42 34 77 15 36 84 60 13 4 37 4 92 89 71 79 82 9 43 27 96 96 7 72 69 9 87 44 97 63 2 47 4 99 14 85 28 38 81 2 7 68 55 28 28 18 44 29 49 44 48 30 3 58
69 91 30 14 12 10 53 99 8 41 12 24 97 65 61 14 0 71 15 75 2 61 83 82 9 28 25 51 12 85 100 43 59 29 0 21 4 38 51 44 7 37 50 24 6 59 72 62 42 8 18 84 36 72 14 43 68 75 16 42 73 58 97 41 90 49 26 94 37 70 48 89 12 78 9 32 50 47 35 97 61 17 11 98 73 84 18 41 43 60 11 16 61 49 1 28 32 90 65 78 40 39 99 11 38 30 78 93 24 47 86 28 70 32 59 68 97 83 12 54
34 64 82 55 49 73 43 85 22 77 10 34 79 83 90 30 82 12 31 73 3 69 58 19 16 96 73 36 8 82 39 41 42 15 62 11 82 44 92 49 60 21 5 11 33 54 54 96 23 83 68 85 87 41 24 3 63 45 78 55 43 95 77 17 83 35 87 0 45 50 17 83 17 55 5 51 3 53 56 72 97 95 21 41 83 95 79 83 44 15 64 62 100 94 9 17 61 9 95 84 51 93 98 44 89 81 99 66 81 50 40 84 46 65 65 35 31 39 81 50
14 30 41 88 48 11 49 85 73 72 72 90 11 51 50 13 83 71 22 36 15 68 53 15 93 28 70 39 3 27 7 53 47 76 71 73 36 97 3 65 39 55 13 93 15 3 50 89 53 58 3 18 45 5 22 69 80 23 22 89 78 16 77 38 46 74 32 43 49 76 84 11 37 9 70 65 85 26 46 25 20 98 8 97 62 85 42 16 89 87 52 73 33 98 16 87 100 18 38 35 29 17 70 88 76 18 78 38 89 70 3 11 37 80 89 97 8 24 20 74
94 38 42 4 21 58 34 6 19 1 17 71 19 16 46 33 41 31 39 93 66 93 95 86 92 82 68 47 74 22 77 79 49 22 16 84 57 61 38 36 9 18 83 70 11 79 6 86 26 45 43 79 83 39 70 34 72 6 12 51 6 57 4 93 43 17 43 73 34 43 25 6 20 66 61 4 75 96 75 81 11 97 65 3 89 61 100 21 98 86 41 44 38 1 78 67 43 80 97 0 26 28 24 78 57 92 32 74 35 38 55 52 55 90 87 21 20 90 46 77
2 99 4 14 70 21 65 24 66 35 47 30 33 42 71 28 65 34 52 42 77 84 44 6 29 8 55 52 93 10 32 9 93 65 32 65 73 37 56 4 24 9 88 11 80 86 92 66 27 17 10 63 11 27 72 17 19 48 12 61 86 95 26 17 95 50 42 11 22 60 17 80 92 57 15 87 86 48 43 28 63 49 33 42 4 81 11 86 25 63 90 44 84 97 80 26 60 30 55 70 67 8 71 15 28 21 58 91 93 89 1 56 58 66 77 44 33 67 43 50
40 22 13 5 24 7 83 0 80 46 73 14 47 48 31 71 84 94 99 8 77 39 97 75 5 97 69 80 5 72 72 63 40 32 65 76 50 55 15 24 84 83 75 14 47 97 91 53 43 27 58 68 20 65 50 36 58 58 22 17 37 15 25 26 40 31 59 8 5 18 32 63 51 41 98 82 39 99 15 72 81 0 48 48 73 99 21 69 56 71 6 27 32 6 100 1 96 29 58 56 2 99 73 94 53 89 60 47 41 54 87 0 87 84 20 78 20 23 67 67
65 31 45 83 66 92 38 99 71 55 11 0 2 30 93 82 33 67 94 68 10 33 99 88 61 98 33 3 87 14 3 20 33 85 44 87 2 91 59 62 4 40 78 6 68 9 10 84 86 17 62 43 29 56 29 28 68 97 38 75 46 12 97 1 58 22 16 86 52 30 64 1 17 61 74 92 76 22 0 88 19 16 24 29 14 80 60 73 91 13 87 54 79 87 7 81 20 96 74 100 54 52 24 17 7 45 3 94 87 58 26 63 98 99 35 58 66 26 48 79
99 49 100 67 41 14 55 26 7 83 61 83 45 53 54 87 10 44 45 97 62 2 40 4 13 54 56 71 8 96 88 63 30 31 78 77 6 1 7 74 79 46 73 29 2 60 69 74 13 89 77 92 56 50 75 54 25 44 75 16 99 61 28 20 20 86 54 74 45 59 44 72 87 8 72 96 47 45 21 22 55 17 44 75 59 69 98 63 87 33 1 10 100 75 56 95 57 88 12 40 39 59 80 19 36 40 67 55 97 79 30 96 52 69 17 7 63 51 89 26
69 45 45 99 58 88 87 58 48 95 83 22 31 3 99 51 89 33 9 73 29 96 42 35 96 79 77 74 40 54 19 24 33 50 77 95 38 60 46 74 88 90 34 67 25 48 21 36 22 17 48 11 32 0 57 99 86 64 41 27 84 20 91 93 47 91 14 21 61 46 49 51 87 28 50 16 83 40 11 96 86 80 50 90 12 86 16 82 25 36 57 70 2 43 43 92 20 60 15 7 30 12 64 70 62 5 13 86 76 100 3 20 99 19 98 81 95 34 0 2
92 59 90 29 0 100 47 62 1 61 47 97 96 5 28 72 47 90 97 85 25 23 27 57 100 70 34 17 68 53 31 66 88 40 37 21 88 94 78 99 9 96 7 53 27 2 82 56 81 77 52 51 55 80 30 73 81 15 95 96 32 33 64 47 74 85 23 95 55 36 77 34 38 25 37 94 12 61 51 0 56 65 52 80 14 29 64 67 100 55 74 40 89 19 11 99 82 38 86 49 0 12 57 88 36 6 94 49 22 42 29 5 20 57 19 79 55 68 84 59
82 19 36 99 95 69 66 16 68 74 6 38 61 70 28 86 12 26 47 73 97 69 62 64 44 9 62 24 18 5 59 84 8 80 48 77 22 36 4 28 58 47 56 43 4 64 86 65 98 77 71 52 21 9 76 41 27 66 18 62 98 88 58 47 21 100 19 53 82 64 21 50 50 71 63 92 2 89 9 30 29 92 12 81 2 57 58 0 92 63 90 89 33 11 36 73 81 64 55 59 76 93 39 80 71 19 29 46 95 5 28 100 11 93 74 65 44 7 7 67
10 98 66 47 59 45 23 88 43 33 5 24 65 60 63 34 63 14 3 13 4 100 40 25 28 99 85 67 39 20 22 76 62 39 23 6 81 13 97 16 62 55 69 12 31 63 40 84 22 87 85 78 4 91 16 12 32 51 50 88 23 91 44 49 32 45 4 25 25 99 4 72 84 47 35 95 1 74 39 30 40 21 57 24 16 87 91 54 89 52 55 3 34 84 71 18 33 18 19 49 3 14 100 86 40 68 29 90 79 55 75 23 95 10 6 22 72 75 100 23
39 71 84 86 32 50 84 16 22 53 19 86 0 64 76 61 32 35 2 92 29 14 83 35 59 24 70 93 49 7 13 12 58 97 4 45 85 13 60 97 20 24 54 38 3 64 7 5 80 65 39 25 83 20 9 22 16 77 40 1 94 2 62 79 14 23 85 97 17 39 14 35 94 91 0 89 2 30 49 9 33 22 28 79 91 19 72 48 3 62 86 64 91 73 90 2 48 0 26 33 52 59 38 3 3 85 15 59 4 69 93 77 46 9 45 93 95 67 87 66
57 53 0 91 34 69 81 26 99 6 51 76 33 65 91 58 58 6 95 45 48 97 5 93 62 73 10 68 25 33 75 70 92 9 23 89 76 66 76 38 6 67 50 46 62 11 85 4 40 89 45 92 3 73 79 90 57 19 88 41 63 74 74 16 48 26 84 34 93 91 15 17 67 35 68 15 57 39 31 64 62 94 13 1 9 71 36 65 91 0 58 42 0 86 16 12 11 96 10 78 63 56 75 47 82 37 38 7 49 63 11 37 8 29 45 72 71 77 55 90
5 44 75 3 48 40 50 99 79 59 82 6 95 58 62 24 31 74 81 40 98 21 6 97 40 45 37 29 6 73 12 65 51 92 34 42 31 89 28 40 1 19 76 93 62 61 17 93 30 82 56 22 18 84 48 93 51 60 0 34 99 52 46 91 12 84 98 19 42 96 37 54 30 90 81 7 60 87 87 14 32 90 60 3 8 31 31 43 68 88 73 83 14 68 69 16 48 82 37 70 11 92 28 97 70 58 43 67 98 27 32 94 2 65 34 34 11 27 6 23
87 34 33 59 10 74 73 65 39 83 100 41 23 9 16 67 31 17 1 61 32 44 54 34 87 92 10 28 67 83 88 98 63 74 55 41 15 93 54 9 47 19 6 80 71 56 47 45 21 46 12 19 42 2 57 29 17 5 34 54 57 12 62 96 89 17 31 28 41 3 64 40 53 54 52 58 13 83 96 8 32 20 36 36 10 39 55 77 1 56 8 9 63 65 42 1 43 21 81 72 4 82 23 37 5 64 3 67 62 91 19 28 51 30 44 33 64 62 66 53
77 37 96 21 17 21 17 46 93 99 91 98 70 56 2 96 9 55 85 87 10 37 41 33 46 20 87 14 56 5 60 97 18 26 23 88 23 44 50 41 50 83 4 41 95 60 14 3 68 25 28 25 96 47 15 9 11 0 92 11 22 47 18 51 34 96 51 2 67 34 51 49 46 89 3 43 96 22 92 11 91 9 54 81 33 81 72 17 56 40 60 95 47 46 19 93 19 73 93 60 54 16 7 16 73 1 85 63 51 77 64 38 55 45 76 92 7 80 47 84
80 27 21 17 58 79 62 46 31 63 11 27 8 72 25 35 27 58 27 21 6 95 93 59 54 82 1 53 76 7 43 44 40 92 78 78 73 78 45 52 12 49 80 62 74 10 84 19 12 49 61 85 36 78 35 2 71 9 6 20 53 35 31 13 53 69 24 57 42 24 8 42 34 60 99 90 30 14 73 65 52 91 92 54 6 58 63 50 29 26 9 31 100 36 89 22 96 78 69 21 18 91 45 48 60 59 87 31 22 92 67 86 98 10 78 61 38 13 59 89
8 36 0 91 16 62 19 55 50 41 69 25 92 6 47 27 77 47 32 72 16 4 29 23 41 92 5 36 40 41 70 21 62 84 54 68 70 9 33 2 14 44 39 85 13 36 85 60 51 89 35 21 20 77 72 48 47 15 64 12 41 93 23 95 16 17 45 100 21 74 91 66 24 80 56 95 39 60 95 100 45 80 39 80 87 43 56 63 57 87 48 31 29 73 95 19 72 93 46 86 57 34 59 90 39 61 4 83 30 42 84 27 38 78 84 44 85 34 1 1
40 81 24 45 25 12 69 34 72 87 23 79 22 49 1 95 0 41 84 69 40 79 9 41 8 69 40 26 79 51 12 52 51 32 43 59 85 33 99 99 52 19 89 11 42 68 56 2 63 31 32 47 96 77 68 40 89 89 84 4 75 53 44 79 65 92 3 73 12 6 23 76 84 85 17 30 83 58 5 45 16 0 69 96 34 91 18 50 67 33 47 85 72 56 93 74 18 93 93 81 99 20 16 99 54 87 75 96 35 62 37 83 4 23 74 64 88 31 55 66
86 64 97 54 33 20 9 4 1 1 37 37 17 87 11 45 50 78 68 66 39 35 89 10 92 61 59 91 64 70 81 0 61 10 68 94 42 61 31 16 87 58 9 74 4 25 33 49 5 89 79 23 89 79 58 58 26 97 56 53 47 92 27 67 95 8 14 88 35 78 61 18 72 8 80 99 36 20 95 87 32 60 84 98 76 63 84 99 27 23 78 67 83 35 75 57 90 20 67 15 100 58 40 74 82 25 58 77 37 23 44 34 46 96 57 30 0 96 78 15
49 57 65 90 52 63 26 31 54 41 51 19 91 6 66 95 23 41 100 69 39 62 78 23 6 1 23 69 25 84 78 69 65 35 4 94 59 38 80 37 36 75 55 18 59 100 68 33 95 51 20 61 52 10 7 14 86 53 38 70 94 97 18 95 89 21 94 43 29 10 37 2 19 61 87 89 8 95 100 35 74 71 32 39 16 75 54 61 79 0 36 85 53 50 54 20 92 9 75 47 46 82 70 40 85 42 1 96 30 4 9 76 57 59 41 87 18 78 32 84
45 29 10 25 47 71 92 5 55 58 31 91 90 87 29 50 63 18 20 55 41 54 87 44 46 26 7 40 39 92 72 38 56 49 75 32 24 64 10 30 81 52 20 39 92 77 67 69 21 9 38 63 93 58 57 92 91 90 25 20 81 17 2 55 39 5 83 79 86 35 16 71 54 85 59 61 94 64 12 99 79 15 52 36 76 95 12 87 71 66 33 40 20 84 31 35 82 64 23 42 14 79 37 12 85 51 78 66 32 36 44 13 54 35 13 100 39 47 78 91
89 15 44 23 64 79 98 28 77 82 60 39 77 33 48 0 37 54 80 40 20 7 32 89 74 56 40 37 41 53 21 68 62 57 69 59 71 21 0 42 68 89 78 7 39 85 14 99 97 74 76 5 50 12 37 13 67 47 52 53 24 61 0 37 73 6 56 78 29 82 7 73 67 8 52 94 60 100 96 61 11 33 13 99 14 8 84 4 15 87 32 84 27 20 3 79 47 61 0 43 95 79 52 68 33 10 10 91 92 76 73 27 44 11 49 98 60 47 37 67
47 25 45 95 69 36 7 83 65 73 63 57 45 53 57 63 59 73 22 88 92 13 77 70 81 84 41 79 24 4 88 97 86 37 98 42 25 51 2 100 18 4 39 83 20 94 84 36 23 77 43 8 80 83 38 65 37 16 85 84 4 7 98 87 96 53 68 21 72 15 87 11 35 37 29 63 85 22 37 32 83 22 68 54 17 89 47 1 69 95 4 65 42 68 78 6 64 37 74 63 78 40 21 54 71 16 10 30 86 90 29 51 0 62 30 62 6 57 84 17
8 71 43 30 81 14 5 43 99 89 88 64 9 2 38 54 96 27 60 19 96 89 35 28 15 46 62 99 97 55 7 33 60 80 71 36 30 8 5 69 20 3 74 36 75 100 91 76 11 21 76 8 54 78 85 96 30 43 89 85 10 6 74 4 71 66 70 3 12 35 98 62 77 20 90 46 88 88 26 50 3 3 72 52 15 66 73 39 16 60 65 31 20 70 50 43 23 9 10 71 91 44 21 90 2 36 27 29 53 36 19 89 76 18 72 85 70 94 74 4
96 74 80 75 49 86 65 96 69 10 47 11 32 72 49 64 48 11 37 82 63 82 58 63 80 27 23 4 71 38 76 55 7 8 94 50 71 82 64 67 48 47 34 14 9 25 67 38 4 72 25 69 3 72 99 56 61 69 68 14 49 36 41 11 26 88 92 79 37 93 38 92 61 96 73 17 73 54 52 99 89 95 87 16 73 44 68 27 20 86 49 7 81 64 84 94 14 44 72 11 77 51 93 13 85 3 38 12 85 79 54 7 12 2 47 50 93 23 26 28
21 80 89 80 55 23 66 56 11 98 67 4 73 48 37 63 58 64 88 58 50 67 31 3 92 94 19 70 98 48 31 66 96 16 34 83 81 37 94 76 30 61 30 52 49 58 94 17 88 39 74 18 93 56 35 89 15 39 9 71 48 14 87 15 37 25 95 74 33 3 88 57 35 25 23 74 30 65 75 61 2 99 17 96 35 96 70 87 28 77 92 88 78 90 69 76 59 17 28 22 73 67 5 81 33 13 77 14 33 62 91 76 14 21 22 49 31 2 59 52
70 38 7 63 64 92 91 0 90 30 55 61 90 6 28 93 56 45 76 25 46 53 21 92 70 94 35 75 63 50 87 68 68 11 19 82 13 35 8 45 61 37 64 55 70 81 65 100 33 5 19 47 83 22 83 39 15 12 68 28 15 4 86 98 3 44 3 42 42 47 73 86 20 0 94 75 53 26 32 7 14 35 3 46 37 71 43 92 16 81 54 16 60 72 61 37 85 14 16 91 10 18 61 27 61 77 67 69 2 98 63 23 27 74 43 59 55 55 27 14
24 69 23 94 5 39 32 85 66 81 27 57 36 58 81 5 50 71 79 64 7 79 97 29 66 68 10 68 42 2 92 16 0 41 49 89 27 82 92 26 99 60 34 85 7 34 99 55 24 37 25 90 10 70 8 40 93 60 47 71 26 63 7 15 78 81 85 11 84 21 59 76 63 83 63 67 16 63 39 53 87 35 26 64 73 21 31 97 17 19 80 10 28 97 62 96 73 15 86 43 30 100 10 73 64 57 92 75 75 27 36 82 19 83 56 39 59 36 67 0
48 5 93 26 9 29 31 89 83 2 47 72 86 81 76 65 61 73 53 2 24 34 61 15 65 23 51 54 15 28 43 72 59 82 21 68 59 21 57 67 91 52 76 47 64 72 79 82 74 81 83 35 6 3 70 2 44 51 9 17 51 22 45 38 37 77 10 48 36 22 76 27 73 48 71 37 83 61 37 77 70 16 9 12 33 93 53 10 58 66 69 74 4 47 12 100 34 37 41 100 4 8 94 1 64 33 85 18 15 24 26 45 33 78 15 23 12 73 89 52
53 72 33 66 15 6 100 44 83 37 39 69 5 84 52 57 48 52 30 9 88 46 60 0 83 99 61 17 64 89 68 84 49 50 23 41 4 19 94 81 16 100 97 31 45 92 77 6 68 17 89 88 54 60 23 33 79 34 89 44 74 36 33 11 93 58 22 18 29 27 28 17 52 14 35 48 23 47 37 67 64 88 61 69 32 63 79 66 21 0 14 53 70 49 92 5 97 2 78 93 90 63 75 98 53 0 14 99 99 87 64 54 39 20 73 61 35 10 27 63
24 87 86 25 4 29 62 51 14 25 0 52 57 62 48 77 68 16 54 24 66 94 87 8 14 50 53 18 72 45 68 95 17 63 41 29 80 90 65 98 44 16 73 23 56 42 18 20 5 79 85 2 38 63 47 35 25 90 99 25 54 67 97 17 78 58 57 46 57 63 90 48 93 73 22 45 66 47 16 34 42 63 23 54 90 24 15 57 58 37 67 48 63 38 53 40 42 98 35 14 21 97 94 81 66 68 71 24 97 78 83 12 27 53 12 66 20 18 64 95
65 45 57 17 14 13 81 67 66 70 44 88 15 44 39 86 49 58 19 11 45 73 57 10 35 83 28 87 70 100 56 78 47 31 46 17 6 42 69 21 82 51 82 52 23 15 0 53 39 61 63 81 37 73 12 92 73 84 16 61 73 61 76 18 5 66 57 53 21 22 80 49 10 49 78 38 50 87 11 68 86 39 86 95 44 79 97 86 71 65 10 6 45 27 22 54 69 39 0 39 7 2 71 25 93 32 66 88 58 36 23 96 52 99 22 70 21 46 12 98
4 78 35 69 97 2 81 45 64 68 75 53 32 83 61 95 50 68 95 8 38 63 82 56 92 96 35 7 81 38 83 98 83 100 43 26 28 88 39 16 56 84 62 68 68 16 92 82 88 41 5 6 65 12 31 35 82 68 16 13 22 47 86 10 5 18 54 75 8 16 1 1 93 48 41 82 24 56 39 70 16 78 36 45 27 74 0 30 36 12 36 70 35 88 51 73 22 83 10 28 10 2 8 1 83 25 88 67 78 89 55 79 10 72 22 40 22 100 44 92
12 51 86 26 53 82 18 14 50 98 50 16 51 38 42 42 35 53 5 71 8 53 92 13 56 80 45 20 87 85 56 90 23 37 60 37 36 91 56 88 68 69 7 64 50 99 2 23 52 73 10 41 14 84 64 74 44 28 59 52 34 44 75 53 9 25 73 17 46 73 11 48 20 15 23 4 22 44 79 60 31 54 19 96 29 43 94 77 94 91 53 50 2 49 98 27 5 98 81 4 36 48 4 42 33 75 42 37 19 81 27 51 73 78 62 78 73 75 37 60
74 1 32 12 35 89 36 46 82 69 72 21 88 63 32 8 84 51 11 89 91 89 13 68 17 11 70 78 0 43 45 49 48 73 25 25 55 87 41 90 29 44 40 72 73 1 17 76 52 42 37 25 36 23 85 49 75 21 90 53 97 35 52 92 25 7 33 18 42 89 20 34 23 14 89 36 62 20 48 45 4 28 18 21 64 13 23 75 100 53 25 18 69 61 13 85 87 77 99 42 74 53 60 77 66 65 79 37 94 38 77 21 11 63 47 43 60 75 78 21
62 51 13 42 42 60 61 40 65 40 12 16 38 14 66 44 88 63 10 9 38 92 81 70 12 9 98 63 76 80 2 86 53 86 10 23 51 41 58 66 47 36 6 4 81 9 6 93 1 65 100 80 69 57 77 70 67 9 15 84 73 65 6 81 61 31 1 90 14 41 2 56 1 80 100 10 52 21 17 44 48 12 48 30 48 73 38 59 6 27 98 61 73 15 14 39 65 39 3 19 88 83 63 53 62 16 0 43 63 23 35 28 27 1 10 83 36 40 73 67
71 1 37 71 20 100 89 7 48 52 90 1 38 47 48 75 94 9 14 72 95 91 5 0 12 55 77 78 91 56 20 48 91 53 88 26 72 48 63 41 7 85 32 96 81 56 35 20 69 40 9 49 12 2 10 26 19 81 12 96 50 39 2 52 50 4 73 51 86 81 79 48 20 29 48 54 30 47 84 95 83 37 16 65 47 79 61 1 16 41 31 46 79 49 68 100 81 26 65 8 71 14 53 46 9 12 24 20 10 25 50 0 14 44 94 13 78 96 36 86
84 99 48 74 9 71 71 75 64 28 83 92 48 21 43 29 7 37 50 53 45 42 16 24 66 79 98 4 0 31 94 50 69 69 44 57 84 4 99 45 47 96 22 53 49 84 40 82 15 62 97 50 58 78 35 33 76 83 95 7 33 26 36 68 56 58 19 78 12 26 45 38 85 87 26 85 35 80 77 5 95 19 70 46 30 91 66 83 67 88 84 0 64 81 30 26 16 84 71 50 9 17 52 50 67 2 55 16 17 95 70 81 30 12 31 84 56 72 14 95
100 46 52 97 20 73 93 51 36 28 18 36 42 83 31 62 61 41 27 85 52 44 100 19 97 58 63 43 99 78 11 100 18 45 88 38 7 91 59 41 50 54 25 18 76 36 44 84 35 30 31 4 66 6 68 77 45 41 36 76 15 40 78 63 45 9 82 25 83 64 90 61 43 67 41 54 23 57 36 54 84 74 51 61 21 77 7 48 1 50 65 72 21 4 70 66 97 54 56 28 0 54 3 22 48 50 91 79 60 34 38 83 44 80 62 56 26 7 33 7
55 70 7 23 56 6 54 67 59 65 16 96 86 0 39 72 51 3 68 22 16 31 36 39 7 64 88 42 4 30 6 46 58 53 52 82 32 85 4 34 66 48 27 40 6 65 26 46 55 37 54 98 87 95 39 23 28 48 20 33 11 11 6 100 99 42 42 24 64 7 31 38 80 91 63 13 12 36 58 19 23 33 89 17 90 11 90 59 9 0 36 63 25 69 52 28 40 84 2 51 23 55 66 75 63 54 26 64 23 85 34 96 52 0 95 24 71 75 2 11
43 31 0 47 7 19 65 50 99 12 58 42 63 1 100 53 59 66 77 12 100 14 25 92 14 86 47 92 10 59 96 11 15 63 78 41 70 18 21 81 67 15 63 91 78 78 35 4 25 36 16 88 70 80 41 84 17 23 70 80 29 34 5 4 60 66 34 62 79 62 45 97 8 87 86 43 2 18 44 86 49 18 96 53 94 20 86 4 84 81 61 94 58 12 77 48 92 40 84 89 41 21 95 77 99 46 48 91 4 32 3 53 67 63 21 44 17 50 45 73
15 83 93 24 22 74 94 56 4 41 70 56 1 3 70 7 32 100 77 60 6 30 25 84 2 87 95 85 87 23 58 40 47 82 75 49 71 59 12 69 67 84 19 94 71 3 13 78 25 44 92 85 89 87 44 37 17 95 17 95 0 29 83 0 6 82 22 74 0 88 29 88 34 50 71 18 14 21 72 51 39 76 91 70 31 9 93 23 17 43 80 20 16 84 16 65 40 97 49 95 92 35 57 0 81 12 81 13 42 3 15 24 4 98 29 13 62 95 40 92
45 19 35 29 76 10 35 7 97 71 9 8 82 98 12 55 40 74 19 34 66 79 87 72 65 0 90 36 24 70 22 6 57 67 39 9 91 12 46 90 37 46 91 61 56 59 59 5 90 93 11 64 11 87 82 43 65 51 45 37 50 29 40 83 38 56 53 47 10 99 74 40 88 26 33 20 51 33 26 78 25 12 39 10 22 18 19 73 35 7 4 27 91 70 92 46 63 38 65 54 99 18 72 96 13 60 39 10 89 32 14 1 34 76 32 62 26 40 62 62
16 63 22 16 25 83 21 61 96 6 83 89 74 60 75 22 42 59 88 76 7 47 87 91 13 85 51 41 88 79 13 55 64 12 49 74 6 98 84 78 93 0 10 15 88 96 68 49 91 12 64 2 91 62 50 15 14 53 29 12 24 25 85 25 66 89 57 79 59 17 54 38 88 26 3 29 66 60 45 60 48 12 97 74 34 21 76 83 57 96 83 47 71 96 7 82 11 35 71 6 30 61 37 44 87 56 28 38 0 17 44 69 2 3 19 26 97 43 68 70
79 53 52 1 96 88 98 26 50 75 42 5 14 71 31 78 33 9 56 41 81 41 51 86 36 9 13 70 15 91 31 38 15 48 54 3 89 77 28 55 89 29 77 32 26 12 79 91 37 2 18 0 56 46 96 85 63 33 58 13 55 25 93 82 73 79 87 46 100 3 71 92 4 85 98 23 95 23 62 85 100 2 72 62 44 27 67 56 99 59 34 59 71 18 78 0 90 93 73 48 33 6 38 43 68 86 28 12 90 29 19 12 2 1 80 31 38 42 33 79
27 28 87 27 23 8 95 90 57 76 69 37 27 3 0 53 21 32 7 36 48 92 42 47 45 85 57 76 66 65 59 19 42 67 85 84 67 93 80 15 100 94 78 60 59 26 96 22 38 17 29 8 96 20 43 19 24 8 63 42 97 92 61 95 13 27 2 49 60 83 79 39 14 86 10 20 61 62 86 26 70 83 40 46 11 25 31 81 34 30 53 88 100 21 12 40 91 75 82 26 53 100 84 59 80 45 73 56 1 76 70 8 87 0 11 58 42 31 100 88
32 50 72 97 72 19 70 95 18 70 97 25 67 76 85 48 73 50 63 74 41 29 85 23 57 22 73 38 86 41 3 79 9 76 25 25 82 1 8 69 35 69 61 83 75 11 16 90 56 20 16 23 36 92 33 94 67 77 89 80 20 27 49 36 59 93 95 17 34 88 35 98 62 99 45 98 74 93 30 62 55 100 50 96 23 30 100 80 46 47 18 74 52 100 96 42 62 78 30 71 10 81 52 15 7 89 4 93 99 13 99 93 49 13 79 92 92 87 45 76
94 96 30 36 23 90 44 73 38 93 18 10 41 21 17 27 31 48 3 61 40 5 60 17 65 94 65 60 58 74 84 80 90 34 49 88 13 19 61 39 22 72 72 86 39 80 30 88 84 19 74 93 68 38 29 97 39 38 48 38 14 94 79 88 62 35 17 6 35 55 96 6 11 49 27 91 71 43 36 39 55 27 12 87 69 42 96 100 70 17 88 78 66 13 47 71 32 0 70 38 78 63 62 94 54 66 89 79 21 96 93 23 0 21 47 12 23 94 28 77
39 68 38 70 5 37 81 79 20 20 28 95 0 63 93 30 13 84 51 50 32 65 19 62 45 21 87 37 30 99 31 74 1 78 82 88 91 33 62 88 33 41 54 45 5 59 76 67 19 50 40 44 6 37 43 31 26 23 72 98 32 24 7 78 96 27 61 49 10 58 43 96 23 92 45 12 66 87 57 48 8 61 34 43 8 2 22 5 94 20 5 72 81 53 74 42 74 32 86 64 88 43 30 33 94 89 48 98 9 94 47 75 5 32 60 54 85 11 95 14
58 53 99 12 75 97 12 52 37 26 75 72 73 89 88 0 63 83 77 11 59 42 2 8 11 24 39 87 91 13 37 30 58 69 67 40 90 84 33 76 41 29 15 37 54 75 1 19 90 20 87 28 78 56 20 27 29 23 25 25 41 74 91 60 92 63 32 84 18 19 54 83 28 98 74 16 6 89 61 29 60 63 86 32 100 11 72 77 76 100 43 77 73 1 0 89 26 79 44 54 94 8 70 25 40 12 69 14 24 39 41 73 40 65 95 83 35 18 5 5
96 37 70 9 92 5 51 78 79 39 2 20 17 95 71 11 83 71 31 38 9 41 12 92 13 79 90 16 40 58 21 9 96 50 32 83 85 50 3 88 59 20 33 68 15 13 19 97 91 33 70 14 21 98 84 32 9 30 96 68 61 2 27 25 32 74 15 28 69 78 15 29 43 58 61 72 58 17 34 21 86 88 82 57 76 79 99 50 17 30 91 63 37 24 21 37 67 39 30 51 29 64 64 44 10 93 43 68 22 64 19 45 28 56 97 6 49 19 2 78
87 56 6 19 2 72 21 32 43 30 53 98 28 12 3 91 57 95 90 5 55 32 54 69 82 64 17 35 7 31 35 72 38 36 13 60 12 61 23 52 63 88 29 62 95 57 91 79 82 9 27 83 23 58 91 47 48 24 16 23 33 58 34 1 1 54 3 91 97 48 84 84 66 58 23 63 89 62 66 45 31 30 40 2 8 10 32 60 88 70 13 90 14 86 62 95 99 67 21 55 41 55 39 59 54 17 79 72 68 64 35 96 10 42 3 1 76 47 60 71
78 12 73 31 81 31 42 19 25 39 61 27 88 3 77 95 9 39 95 81 66 3 2 23 65 63 8 79 88 32 21 91 11 26 86 40 81 47 44 35 80 21 97 94 27 6 5 100 82 22 50 41 90 98 45 55 29 98 35 10 37 10 81 85 35 30 4 17 77 63 85 36 55 4 94 84 27 95 37 32 60 40 6 71 71 36 28 82 96 49 93 38 4 15 57 39 100 7 95 40 76 40 77 74 5 94 70 95 90 100 34 47 95 42 13 40 54 14 99 67
66 32 66 36 73 6 75 99 84 67 83 80 44 6 78 49 20 87 57 25 85 31 1 83 59 48 4 75 64 56 6 13 92 77 38 50 47 57 61 88 28 85 68 26 56 85 39 66 56 99 27 69 2 57 40 38 98 11 12 59 38 58 100 94 15 17 19 72 54 28 96 98 46 58 32 69 35 2 63 89 75 80 5 59 44 67 20 55 73 98 64 8 70 20 60 95 27 53 68 97 12 52 29 44 51 75 78 79 6 99 2 80 48 4 37 10 73 44 44 37
53 95 18 17 46 34 52 81 88 64 89 62 68 94 54 60 25 21 16 99 15 2 21 50 82 53 13 49 82 20 71 43 18 83 62 39 24 39 18 99 50 41 93 9 74 92 63 21 18 67 98 3 24 34 10 4 3 98 58 28 28 88 51 96 3 91 30 45 72 92 39 73 74 78 19 14 11 90 97 45 78 37 81 14 16 66 10 53 94 71 28 61 7 53 19 14 23 49 39 79 32 46 5 18 54 61 25 36 16 44 18 47 97 88 19 7 39 9 77 62
1 78 54 78 75 65 2 17 88 35 14 7 62 92 49 17 63 52 73 25 2 90 1 31 56 95 63 100 16 4 23 77 60 86 10 41 16 70 86 15 39 10 58 34 33 1 77 4 80 93 47 2 64 87 56 13 48 60 28 78 64 6 75 68 15 26 85 80 88 51 87 34 74 21 60 96 73 3 26 51 44 10 46 22 65 25 4 70 15 50 55 76 65 100 58 20 31 55 5 78 50 29 53 10 20 50 46 82 91 93 69 76 33 19 71 33 13 91 12 33
39 94 62 40 15 17 41 69 25 85 58 42 33 90 69 1 41 51 52 44 88 48 97 18 74 59 58 61 66 96 74 0 77 45 64 44 51 85 38 46 22 32 42 42 16 56 55 95 31 36 15 61 100 55 3 52 90 3 19 1 100 90 80 37 33 56 45 75 26 51 82 97 18 58 2 72 90 87 89 80 10 93 57 18 59 17 41 86 81 92 40 13 45 39 31 35 19 59 15 73 11 42 9 100 5 47 46 25 88 67 59 44 29 27 30 14 7 93 44 96
72 75 26 21 40 24 41 4 80 82 68 39 3 98 78 82 5 14 31 66 3 90 74 53 72 54 99 56 2 71 20 78 57 21 54 60 72 14 82 28 18 56 93 88 40 70 1 78 81 61 36 21 88 86 18 76 6 20 99 47 100 75 97 78 100 4 31 89 13 94 65 60 77 67 33 64 17 78 42 37 55 59 28 46 44 68 63 18 4 6 38 25 39 70 73 65 87 83 72 5 55 75 72 99 19 99 31 4 69 84 1 78 77 98 27 17 33 80 67 11
28 46 85 66 39 56 36 13 13 63 83 20 58 25 61 54 27 22 54 63 1 40 31 84 59 2 27 39 42 84 95 29 69 70 30 86 39 1 5 15 63 16 69 25 17 86 8 7 14 87 5 22 62 55 90 90 31 46 7 15 84 14 17 39 67 18 61 88 7 54 86 28 62 62 8 24 40 70 7 14 57 69 73 95 33 13 51 89 30 6 57 0 80 3 50 71 65 8 48 47 68 62 75 67 82 67 74 76 28 80 63 15 78 84 17 49 40 7 10 24
3 49 59 78 14 68 92 90 12 28 71 60 30 0 73 8 48 84 29 24 62 94 15 58 33 34 75 58 40 67 39 89 34 39 46 26 88 75 32 3 99 27 90 98 19 65 69 72 4 24 48 87 74 50 77 39 50 4 72 62 18 77 75 0 62 78 94 39 49 29 77 68 64 79 79 84 66 94 46 94 31 35 43 27 19 39 16 70 15 54 58 63 30 63 34 75 51 44 51 28 66 16 82 29 91 85 49 64 83 64 87 10 39 22 6 74 25 13 8 81
54 64 25 76 95 0 57 17 9 20 46 6 32 46 29 36 68 46 99 51 2 63 81 87 67 33 54 38 61 79 76 73 67 18 15 51 97 90 72 65 8 71 41 25 93 25 47 64 27 97 71 46 54 21 85 74 2 46 40 66 65 5 28 45 62 19 94 53 90 14 43 68 13 63 5 48 100 38 31 49 98 70 42 39 61 24 20 85 77 77 82 33 39 59 47 100 11 81 72 1 24 29 60 81 16 2 64 39 23 42 45 20 42 72 32 93 19 25 30 75
47 50 13 39 92 33 29 82 66 26 32 34 48 62 81 24 26 97 51 90 43 70 29 24 12 38 7 14 45 32 63 64 67 52 39 55 16 51 1 54 23 84 85 14 7 82 96 34 60 74 92 17 16 8 10 16 90 47 16 49 87 76 53 68 59 70 27 30 70 66 28 33 35 53 20 23 96 77 39 51 96 5 10 34 23 40 50 96 24 85 65 13 88 5 8 66 45 39 68 33 71 2 98 12 8 81 61 10 78 74 31 73 13 56 95 97 63 30 98 29
30 93 15 61 3 40 65 38 75 92 78 10 79 32 88 78 87 8 88 82 4 60 95 20 92 88 71 33 100 49 74 91 7 98 76 11 68 55 64 16 40 83 83 66 47 77 44 100 67 27 96 18 71 41 51 85 37 30 60 81 69 60 88 79 37 57 66 81 28 79 16 20 22 95 15 81 34 42 44 69 85 70 55 59 74 27 26 50 43 5 26 29 77 18 49 87 25 61 70 79 24 19 51 45 24 96 24 71 35 100 82 6 39 83 65 26 34 51 93 60
22 42 55 4 100 42 20 89 64 73 87 23 41 92 12 44 27 52 29 4 87 93 40 28 4 66 35 46 48 97 59 97 41 43 37 13 53 88 4 25 54 65 24 73 72 21 18 68 40 58 6 2 70 22 37 23 55 67 31 93 75 66 31 38 10 70 100 45 12 81 42 91 68 39 91 9 4 72 68 54 56 66 71 83 27 48 74 75 42 50 50 88 57 31 8 31 37 81 90 55 74 95 41 59 73 74 73 5 38 94 23 89 2 70 79 23 12 18 68 99
61 76 12 100 49 47 11 47 5 81 15 34 89 56 31 68 87 68 78 6 30 97 80 4 13 77 78 18 38 52 70 89 99 17 88 66 83 36 35 64 89 77 71 4 78 45 59 13 53 25 47 84 67 54 94 53 68 47 64 84 25 1 18 97 42 31 42 7 1 76 11 87 43 62 84 65 60 74 63 94 33 19 81 46 50 58 87 95 15 58 59 28 76 95 83 3 76 91 99 90 17 37 82 56 18 4 42 64 66 74 9 36 5 38 49 100 40 48 85 60
3 21 90 44 44 90 32 47 91 14 81 39 3 5 7 30 60 4 11 73 63 41 50 33 47 5 73 46 48 43 91 20 35 81 95 67 21 77 3 62 77 99 11 46 43 68 20 15 34 50 79 72 84 50 71 39 45 59 57 48 64 24 74 33 26 19 95 98 53 84 61 48 88 2 4 89 12 93 84 35 41 3 82 38 45 39 65 61 48 24 11 69 10 92 86 84 79 67 98 35 85 15 80 33 50 90 75 42 40 72 33 21 90 45 79 6 59 19 31 68
19 65 21 29 26 87 63 2 81 34 30 86 24 43 63 64 64 35 87 39 49 37 58 23 35 100 62 7 42 67 45 48 19 94 100 48 56 97 36 48 1 4 93 97 11 52 1 93 53 65 10 38 15 45 93 97 26 53 46 10 65 46 85 3 65 80 82 63 43 49 64 18 99 3 47 64 32 8 25 60 30 8 44 37 62 52 61 5 23 59 44 91 17 51 3 96 21 18 99 56 96 34 44 19 24 44 24 71 42 56 10 13 86 32 77 78 10 67 4 19
1 93 59 23 55 15 27 52 3 38 53 1 28 90 82 40 72 64 7 16 22 64 2 55 8 27 49 36 42 25 30 70 78 82 3 77 50 2 54 41 78 35 25 46 39 35 84 50 3 93 33 5 39 51 74 1 26 86 54 9 53 9 53 80 78 70 70 93 79 10 96 30 23 37 26 15 83 37 47 25 31 68 18 67 1 0 31 77 18 58 77 4 46 9 96 36 85 28 70 51 29 86 31 12 61 46 64 12 84 14 8 94 1 13 25 15 95 51 77 0
54 94 85 56 1 77 32 13 44 88 84 9 27 98 9 26 90 1 34 49 3 38 22 87 64 78 47 97 18 88 35 40 26 90 88 3 70 1 38 66 68 55 34 17 58 92 18 71 23 37 69 7 99 80 44 71 48 35 40 65 34 94 54 91 59 19 84 61 42 51 24 71 54 7 14 33 59 62 56 39 20 68 99 62 60 42 62 19 100 100 9 76 6 48 30 32 48 57 87 94 2 9 81 48 87 15 63 95 94 17 1 86 94 37 1 92 94 30 38 58
66 7 6 71 73 0 87 41 42 22 25 92 32 93 23 26 69 81 67 10 93 50 2 13 30 10 99 6 74 77 46 1 87 8 7 10 55 44 75 63 70 96 65 51 4 56 37 50 33 99 9 22 33 13 20 21 71 25 27 17 50 23 9 60 92 50 1 1 52 2 79 33 1 8 34 79 0 17 47 99 44 95 6 16 68 30 17 27 22 71 10 90 81 86 11 21 5 32 45 3 92 35 34 17 9 18 87 45 74 58 59 21 89 28 13 28 25 23 96 92
57 88 25 96 29 72 34 38 16 86 82 93 67 56 80 59 80 27 99 38 76 58 26 57 23 85 4 8 1 14 95 88 27 64 38 40 76 79 49 36 63 89 96 50 60 7 70 89 96 80 61 77 80 26 95 53 30 51 96 39 79 58 17 49 64 93 61 49 98 91 15 36 13 47 31 82 11 35 50 16 6 76 78 98 19 56 59 67 76 65 3 74 55 23 34 18 48 98 11 26 17 79 43 59 70 76 33 23 85 45 59 26 1 23 43 88 84 41 31 98
85 47 55 54 12 12 37 54 91 79 42 26 48 51 72 39 31 62 75 23 91 15 7 97 76 91 68 71 46 38 84 5 47 51 10 29 47 44 31 92 100 59 50 78 57 8 78 55 9 93 60 20 80 79 78 34 5 71 23 53 88 47 98 52 40 89 66 17 21 74 54 6 20 31 17 85 64 52 76 45 34 72 96 97 75 56 84 39 69 9 3 4 5 69 71 18 50 66 90 81 51 70 86 19 22 23 98 2 57 61 41 45 95 38 40 20 100 73 59 45
14 45 26 14 3 11 18 21 35 27 10 2 51 6 77 38 3 44 50 58 6 53 27 86 68 6 57 32 61 7 47 60 26 79 29 71 21 23 37 37 3 12 14 26 20 18 33 44 23 54 14 21 11 39 1 34 20 100 0 14 61 14 97 61 37 67 1 78 67 30 12 100 73 78 77 58 27 21 32 63 32 35 18 34 94 85 30 96 43 61 36 63 9 39 11 54 55 41 81 78 83 50 42 23 46 33 24 5 6 39 17 52 80 39 43 98 100 66 58 14
23 93 85 28 41 34 59 49 55 2 31 31 45 29 36 36 43 78 49 59 57 7 95 49 49 85 39 78 52 36 8 87 38 82 58 22 66 33 74 36 6 82 46 95 58 57 78 75 86 96 85 3 85 54 54 75 97 85 27 47 53 84 49 95 29 52 52 71 4 52 19 77 96 27 99 53 52 95 39 42 71 92 17 19 9 14 69 5 15 17 75 48 22 11 46 89 75 85 2 5 49 16 53 36 62 22 72 6 14 70 29 26 60 7 96 75 68 85 32 46
69 55 68 29 37 19 90 57 99 30 52 6 93 46 12 33 73 34 7 9 37 91 73 83 47 83 90 62 19 45 55 96 6 16 80 1 2 30 44 38 71 40 56 67 50 18 69 68 18 19 58 40 44 38 10 2 36 61 75 53 73 34 56 41 12 44 75 61 54 70 5 13 21 1 35 79 99 29 78 10 100 30 22 73 61 53 7 80 21 40 80 78 3 17 7 29 52 53 73 40 54 62 31 34 44 22 92 1 37 0 59 12 60 77 85 1 37 32 0 49
78 13 35 91 94 10 76 57 93 90 40 25 30 40 88 39 95 0 22 46 36 68 2 72 11 45 49 83 2 15 85 34 40 19 91 42 81 56 73 95 27 8 76 57 40 16 5 64 58 92 10 34 77 0 1 41 54 13 44 50 98 59 67 88 25 61 57 48 93 56 90 18 94 69 57 45 31 78 32 95 40 47 33 37 95 56 22 1 37 54 78 63 33 96 81 55 28 86 75 81 1 67 52 95 49 11 90 90 69 47 71 87 43 91 52 51 23 93 71 66
19 41 2 97 68 56 7 47 55 7 23 6 87 56 76 71 5 100 29 77 0 36 69 23 39 7 19 25 76 92 39 70 6 63 50 87 11 51 68 1 0 20 34 13 12 52 52 45 14 5 12 50 19 25 82 49 49 52 10 41 43 23 1 69 68 2 93 87 95 11 67 3 60 93 4 11 25 70 38 29 27 15 60 78 96 28 64 28 88 87 31 78 53 74 64 90 16 2 94 88 41 30 53 44 75 61 35 2 90 28 95 2 25 28 3 57 1 0 7 46
87 18 32 66 93 10 46 58 12 72 96 36 93 8 8 11 81 8 5 6 34 71 48 0 25 54 83 23 5 78 54 83 50 82 30 13 53 53 84 60 98 93 87 37 45 99 76 75 86 38 47 8 8 47 63 87 90 81 70 86 5 41 7 26 15 91 49 25 13 10 67 17 89 10 80 37 14 0 60 94 95 29 49 60 85 36 0 79 17 47 93 65 68 17 10 23 40 79 16 50 47 83 45 77 5 96 75 76 96 42 54 8 90 39 13 67 7 39 25 95
56 85 91 20 45 67 29 14 3 86 27 85 4 79 50 53 32 6 58 3 2 48 87 16 33 2 12 95 42 52 62 74 25 1 7 10 81 63 49 65 50 83 70 18 80 45 61 33 56 76 81 83 50 13 20 7 47 28 58 67 63 33 8 42 85 60 32 90 69 20 43 80 45 64 14 12 5 12 46 46 46 67 7 86 73 38 87 60 98 100 76 50 22 94 73 37 12 30 55 97 8 72 66 0 95 28 39 52 42 25 52 42 48 35 46 77 66 76 43 21
23 22 46 57 16 94 10 10 17 65 90 34 20 51 34 98 87 92 83 55 43 43 8 4 100 49 65 14 36 90 55 80 42 3 54 21 29 76 98 60 100 46 43 0 86 4 35 5 73 76 68 2 14 90 1 48 67 58 28 3 83 45 92 13 70 70 73 58 30 86 8 22 92 80 87 7 23 77 50 18 23 60 79 87 76 29 10 42 62 47 27 74 46 44 86 64 74 14 67 64 8 46 94 38 43 62 13 3 2 63 52 89 73 25 69 17 66 43 15 70
89 56 79 36 50 30 23 78 47 71 98 45 41 61 39 10 24 40 23 34 21 33 90 71 38 53 72 36 63 71 31 6 12 85 97 56 54 89 81 63 61 76 44 64 63 61 93 93 90 10 81 60 17 4 18 22 10 55 14 68 19 89 79 37 47 88 71 14 14 27 63 4 39 86 31 86 79 36 98 97 46 19 56 96 85 77 63 34 20 63 82 90 30 12 20 64 4 79 8 99 56 73 87 41 26 49 98 85 77 95 81 37 55 97 13 94 11 38 92 11
37 93 72 5 77 35 21 79 86 53 38 50 32 88 55 65 1 0 86 42 41 32 37 96 41 90 48 74 71 48 36 80 34 33 42 51 52 47 5 65 49 70 42 76 4 22 53 6 51 78 54 33 73 71 8 63 51 11 39 91 2 79 87 86 92 96 88 84 78 57 97 98 65 27 50 89 30 75 77 99 27 6 99 100 16 22 27 7 74 71 39 40 35 80 60 61 47 57 35 94 69 76 72 99 70 27 60 77 54 56 6 1 66 95 96 47 8 41 42 46
85 78 97 58 76 31 73 93 92 13 92 84 5 69 48 23 94 12 0 10 74 78 58 85 75 63 92 89 81 31 11 15 82 48 75 59 50 77 59 53 17 97 31 97 33 98 97 96 71 78 91 82 70 2 11 21 99 66 76 20 43 17 58 83 47 48 72 29 98 81 18 47 23 61 65 70 62 92 3 80 48 84 55 61 58 35 67 83 36 35 41 13 25 21 59 99 21 36 61 38 94 95 78 98 70 74 28 78 0 79 26 43 16 12 90 17 70 27 20 28
99 99 2 39 39 96 8 78 82 20 40 3 30 40 4 84 53 98 9 89 30 95 75 1 3 24 48 63 87 71 16 0 35 47 71 75 0 75 34 27 63 9 59 47 5 4 70 79 72 29 3 100 27 21 47 40 36 70 67 71 35 4 14 1 49 55 86 10 33 66 93 89 100 65 35 3 96 53 66 76 99 9 85 5 10 63 67 23 50 65 87 74 49 39 90 85 32 11 44 36 90 5 40 9 15 89 21 32 70 60 93 76 52 74 7 18 81 96 84 94
97 16 10 52 12 68 5 46 88 97 47 83 16 64 37 58 58 76 46 79 42 2 95 6 34 23 47 30 43 85 1 28 7 86 88 87 27 37 80 25 79 77 7 56 87 55 51 73 29 30 51 76 26 70 89 8 65 22 50 9 56 88 27 40 54 55 48 83 40 70 20 29 77 85 79 45 36 81 9 98 4 48 87 10 20 97 47 48 100 16 47 84 38 94 74 4 35 53 76 16 6 38 64 21 98 83 77 37 27 59 64 99 34 65 91 47 8 96 67 52
9 59 49 61 81 42 59 88 65 43 67 79 49 100 48 51 97 17 81 78 62 64 8 68 73 9 24 45 85 40 89 28 97 30 33 42 8 35 82 43 9 51 26 56 63 39 95 51 26 89 44 30 92 43 82 19 52 18 83 29 70 99 93 74 6 84 71 50 14 81 59 16 42 6 52 42 35 64 33 60 73 98 7 58 80 94 58 100 38 28 22 93 86 3 29 50 35 54 42 20 54 56 74 2 64 11 3 52 59 65 92 85 78 76 0 10 81 70 27 61
69 7 58 33 56 54 20 31 98 55 4 66 5 76 98 66 38 20 14 33 35 5 92 89 48 68 63 10 41 1 59 97 23 4 49 91 15 26 35 66 51 49 48 64 96 80 64 17 73 70 15 63 48 64 71 17 14 56 79 71 37 67 83 28 54 53 9 24 85 3 0 88 82 56 77 97 87 19 21 37 14 9 12 39 86 92 49 16 3 51 33 17 100 64 34 25 85 55 86 82 99 26 43 6 99 91 16 19 77 90 56 12 68 98 86 23 45 66 35 52
57 31 5 13 43 99 21 85 11 46 92 43 81 55 58 31 46 34 77 27 42 39 2 14 75 4 93 84 96 40 33 43 21 63 48 94 12 64 64 77 2 30 76 26 50 20 80 85 64 41 60 70 86 6 67 9 28 24 97 95 41 94 17 85 1 47 37 36 69 39 3 76 34 83 93 33 14 52 94 93 74 15 24 13 80 33 48 4 91 17 43 28 12 78 40 63 46 16 83 64 72 48 87 29 93 67 71 63 15 14 59 66 12 36 90 3 66 61 27 99
97 55 74 3 84 47 52 20 15 97 58 91 22 56 69 40 86 66 44 82 50 29 92 73 62 95 39 72 14 69 21 75 13 51 62 92 39 98 24 1 65 65 22 77 12 95 45 95 40 35 84 34 71 29 14 21 52 89 57 70 51 42 56 75 37 69 92 63 39 36 56 68 87 55 25 30 65 73 69 87 80 38 50 11 80 2 78 71 10 76 97 76 78 97 46 89 67 96 4 63 44 88 92 36 59 8 37 51 22 36 46 64 51 29 77 76 95 10 10 69
75 86 38 78 40 17 64 6 9 19 59 67 5 75 4 60 84 36 93 63 65 7 15 45 68 47 14 21 68 28 58 46 97 56 68 15 33 91 13 98 49 47 76 43 28 97 59 59 17 65 78 90 73 26 66 2 54 85 43 50 87 38 56 37 27 79 60 60 93 58 44 55 17 95 29 99 6 11 66 25 18 75 97 58 84 66 26 93 66 30 11 69 4 36 55 4 89 26 24 8 36 52 69 74 75 83 35 37 22 48 53 56 33 49 29 63 98 42 79 45
92 22 45 73 90 1 51 37 38 32 30 16 65 23 71 89 53 66 87 73 32 7 84 15 31 31 32 24 2 64 21 78 60 3 85 92 58 59 15 48 78 14 19 46 46 92 35 57 54 86 60 28 59 87 35 49 78 83 51 86 9 45 32 78 27 30 53 13 57 22 95 46 6 74 50 10 36 5 93 3 19 74 85 41 45 66 0 66 97 64 58 72 88 56 43 11 93 50 84 25 67 47 89 93 14 72 2 69 36 3 39 49 25 68 17 2 68 48 71 36
94 73 84 88 85 47 64 35 44 21 20 39 20 6 43 22 41 45 45 35 13 3 52 52 70 95 38 20 1 37 74 85 72 95 47 76 5 23 40 27 76 41 18 64 40 78 4 97 38 68 88 35 96 41 80 35 100 76 25 26 13 44 76 70 47 71 40 69 15 29 62 72 83 34 96 0 52 22 37 75 15 84 1 22 21 51 28 16 48 48 20 59 32 63 48 48 44 68 83 46 49 68 88 94 91 13 83 96 74 27 86 82 97 31 37 37 92 16 5 97
