42 43 27 75 11 68 74 42 42 77
76 79 29 67 32 33 75 0 57 76
0 84 77 89 47 62 36 48 53 0
63 61 43 94 48 39 99 95 25 8
64 42 53 86 95 44 95 93 76 18
47 10 68 24 92 54 6 57 56 41
50 38 22 43 54 58 28 19 31 54
45 43 43 63 37 5 20 11 21 26
53 96 58 26 74 8 56 37 55 90
66 87 99 73 54 97 10 9 42 47
13 68 0 89 5 14 66 87 8 18
53 7 70 67 36 59 98 58 18 76
44 64 21 92 90 43 86 87 97 48
99 5 21 81 83 14 46 24 34 4
4 33 89 68 9 42 81 34 92 82
67 44 52 44 80 0 99 3 86 41
50 15 13 3 8 94 14 14 92 98
63 87 56 71 76 60 19 76 13 69
52 76 61 65 55 68 37 33 89 47
32 48 59 77 31 27 48 52 95 21
53 98 84 35 25 54 73 39 67 28
69 7 20 29 60 69 72 99 35 91
58 50 21 83 87 99 63 94 75 7
8 50 23 81 92 96 35 8 11 25
85 14 64 1 58 12 97 14 37 51
8 60 30 3 46 46 53 97 40 4
27 11 63 67 97 91 78 52 30 62
83 49 69 82 99 89 71 54 43 83
8 75 24 72 24 80 32 40 4 39
37 59 4 15 50 6 1 51 19 42
