62 15 30 19 82 88 37 25 32 84 13 87 39 32 78 88 93 30 65 83 42 40 77 77 24 91 77 88 46 12 11 8 21 80 35 89 54 99 60 32 97 98 34 27 21 83 8 31 45 26 37 22 34 19 1 99 75 13 9 26 65 40 85 92 19 98 77 16 93 62 2 27 1 54 47 35 38 50 96 25 23 41 32 65 84 95 66 71 59 82 74 17 14 29 66 99 43 89 80 56
46 31 54 67 40 22 7 66 78 23 57 3 94 61 26 68 32 33 41 46 43 3 2 28 82 89 75 76 33 19 65 29 55 38 71 80 24 0 14 88 55 7 47 43 27 39 51 48 49 77 42 54 17 92 89 43 15 30 43 73 8 89 52 35 91 76 90 96 19 6 37 76 40 48 70 77 50 46 85 69 69 50 72 100 71 59 40 54 50 69 8 18 8 2 16 61 88 19 63 24
44 17 32 7 72 71 13 10 96 81 71 75 88 80 37 68 55 5 84 77 21 8 57 0 94 26 44 43 59 2 90 88 0 78 24 70 77 12 66 35 79 97 29 36 95 43 7 39 70 56 18 62 85 100 15 8 62 55 86 63 46 41 30 56 21 86 73 47 50 41 29 43 3 25 71 3 30 12 40 46 37 31 64 48 73 92 86 7 56 75 75 61 12 0 34 41 89 27 6 6
58 30 95 50 80 71 100 26 39 11 29 60 63 97 36 100 23 48 76 62 30 39 34 90 98 66 69 99 53 83 83 58 42 6 82 68 81 54 68 33 12 79 21 91 64 80 47 67 92 40 29 19 54 72 42 56 100 69 60 23 57 7 63 6 99 0 95 26 64 38 97 77 16 68 19 7 89 70 93 93 57 37 93 75 67 84 74 59 62 86 31 76 47 55 84 83 32 99 92 72
76 80 37 38 86 75 37 36 25 85 61 95 24 68 88 5 10 37 19 42 49 44 55 50 4 86 34 94 10 15 69 19 8 97 99 6 89 73 57 63 9 92 28 8 23 95 54 18 86 36 71 98 84 61 85 31 93 93 21 41 31 22 54 88 33 51 22 85 51 40 94 90 9 20 65 25 18 80 81 18 16 91 27 92 72 83 98 13 92 79 18 23 29 17 9 25 14 0 26 90
28 47 11 86 30 11 48 20 42 41 85 13 41 28 95 42 34 81 6 50 74 51 48 41 91 68 57 92 58 47 5 60 77 49 9 2 33 26 97 52 70 5 42 8 8 59 43 70 67 9 89 20 79 47 54 51 14 99 28 44 2 35 71 6 4 63 69 87 77 15 94 63 45 54 95 49 67 49 65 50 36 5 71 89 63 66 5 5 85 62 34 53 92 35 65 40 24 7 28 10
36 14 67 83 14 55 16 47 39 99 44 57 12 69 93 52 93 21 9 78 92 47 5 94 10 62 93 85 74 81 62 55 33 96 4 63 31 8 60 54 83 74 42 67 30 8 35 44 49 97 19 1 89 79 40 86 19 94 49 59 88 76 48 29 64 58 78 21 89 63 31 46 0 72 56 6 79 81 54 62 34 31 76 21 44 91 71 2 45 20 21 24 11 50 96 93 39 68 86 84
57 73 9 15 22 88 20 61 47 62 27 73 67 43 66 35 100 50 66 86 26 66 86 97 14 35 92 8 74 89 10 61 74 93 33 25 46 99 40 64 26 2 77 75 74 42 54 61 10 25 89 81 54 96 6 75 7 32 38 90 42 28 14 87 3 91 12 31 33 56 99 96 55 59 64 76 35 36 34 1 68 39 61 88 21 91 21 34 25 76 89 60 19 62 45 94 2 33 67 17
48 95 82 60 76 51 9 88 54 46 64 3 0 17 40 93 86 36 71 84 80 32 15 32 100 18 15 28 49 86 3 24 2 8 91 90 45 47 26 6 21 86 39 96 62 87 20 12 45 69 98 41 88 75 22 83 47 44 85 18 88 20 78 77 32 14 21 30 51 28 100 66 65 35 32 51 70 65 87 55 19 98 31 84 10 43 25 68 41 49 64 11 46 49 52 89 43 50 3 25
80 86 4 66 26 39 67 99 44 70 72 56 95 86 3 46 98 10 23 98 4 46 22 91 3 16 30 43 16 22 87 3 96 33 55 53 18 9 15 90 93 94 5 28 60 61 13 47 51 35 83 67 83 69 85 24 78 27 87 9 84 89 21 91 31 75 97 83 37 23 84 43 86 86 84 26 80 49 29 98 74 11 47 89 39 1 66 96 38 51 44 6 29 21 56 5 10 84 48 7
97 33 33 15 19 38 97 49 100 39 9 87 58 20 90 97 75 75 3 10 33 24 92 47 6 22 24 51 42 38 80 37 6 23 16 5 9 65 81 52 42 64 48 25 45 59 19 53 55 21 30 6 11 32 56 0 38 94 89 11 35 46 75 95 88 78 18 64 17 98 23 94 66 10 66 78 70 2 62 79 57 40 6 3 88 6 87 59 81 12 72 65 58 55 36 15 66 81 27 74
52 60 51 78 26 5 49 24 51 70 19 55 39 76 40 2 97 75 57 8 28 2 62 36 7 6 79 99 0 34 27 31 16 36 31 91 100 38 23 19 51 36 87 92 98 32 62 94 54 53 2 77 8 99 100 17 96 74 6 83 2 48 80 75 10 32 44 81 98 95 88 30 5 35 9 17 22 67 42 12 60 75 96 61 8 34 60 26 77 39 58 63 23 85 23 44 2 69 9 29
91 44 21 42 11 10 67 73 13 3 35 97 35 47 96 97 97 25 49 91 33 3 43 3 19 0 73 74 72 58 50 33 59 72 83 32 81 63 75 3 76 34 38 18 75 76 39 72 10 59 85 10 79 77 14 81 81 2 14 93 6 48 6 52 28 75 98 91 99 7 44 33 53 88 66 60 77 83 61 0 33 34 86 64 50 62 70 64 18 53 60 88 45 86 31 44 29 89 51 45
77 85 41 87 95 44 4 4 72 90 8 56 14 87 70 55 77 97 13 83 26 6 2 14 37 87 64 58 14 15 32 94 94 52 9 84 3 93 79 0 92 48 76 83 70 10 12 3 16 49 24 32 50 30 97 65 35 66 3 11 50 54 15 27 64 97 40 30 47 31 31 35 3 47 26 46 79 7 41 73 12 40 62 97 100 86 94 100 82 9 12 27 25 71 15 24 10 54 7 4
21 44 10 99 7 30 55 60 99 98 11 4 0 45 85 84 49 18 35 31 40 1 83 49 57 99 2 79 29 62 95 75 71 1 39 44 91 34 69 95 5 29 90 13 37 77 68 95 92 72 27 22 16 24 4 12 46 3 38 63 72 29 23 56 37 72 52 95 40 30 20 15 38 67 23 84 77 39 96 22 50 60 27 98 25 25 99 77 85 50 40 8 26 74 52 20 54 98 24 23
37 62 14 89 1 61 64 78 87 53 29 66 25 95 77 25 59 75 42 59 34 68 13 58 7 94 55 35 27 61 93 8 73 99 64 45 70 27 99 52 32 41 42 90 39 100 100 20 54 22 80 11 78 72 15 71 80 14 9 96 52 14 52 71 54 2 34 92 8 45 60 18 12 38 31 37 29 6 72 47 20 9 3 54 71 38 19 35 87 37 17 20 54 57 24 20 95 18 96 40
35 57 48 29 3 11 91 77 87 91 84 70 62 90 56 54 36 92 24 58 90 10 25 18 98 43 70 81 11 70 38 81 47 98 67 5 52 63 73 27 6 99 18 39 30 95 1 49 12 80 54 56 6 93 58 59 25 64 51 72 11 79 40 65 46 89 25 59 43 21 37 49 1 15 39 40 84 89 65 4 43 36 93 43 74 62 45 77 17 99 10 94 29 100 68 17 54 54 54 96
29 89 58 33 100 24 90 6 16 71 26 75 52 68 81 37 92 98 9 47 82 39 64 52 88 14 12 73 13 15 88 64 49 23 80 30 99 92 47 16 10 15 51 17 7 23 95 56 84 75 66 3 28 25 15 42 20 56 51 84 85 33 6 19 59 17 89 55 72 94 40 31 32 60 58 12 15 2 90 10 43 6 63 26 18 24 45 29 40 90 44 61 15 73 85 59 91 13 14 59
65 46 91 26 58 72 51 31 47 58 74 82 46 52 49 23 39 74 95 37 30 100 38 46 32 100 58 68 52 67 26 76 46 73 4 58 67 38 26 89 18 40 68 53 81 9 39 61 8 24 95 91 31 96 60 94 77 98 34 11 89 47 22 53 31 44 55 25 20 12 12 12 58 44 69 46 52 47 43 49 8 53 17 31 27 4 54 76 15 16 11 56 83 81 66 41 19 84 87 65
8 33 24 19 34 72 86 69 29 14 53 86 95 23 60 22 75 70 26 90 10 92 46 1 25 33 26 11 93 13 25 39 65 98 36 73 93 1 52 73 27 48 89 72 81 95 95 64 24 85 76 61 23 97 23 70 83 49 2 53 64 9 8 48 21 48 21 73 99 51 100 0 12 23 14 1 53 85 51 77 15 99 35 28 86 54 26 67 30 93 2 61 59 67 60 19 20 29 4 49
88 4 32 0 33 1 39 38 7 4 86 6 45 97 57 31 25 44 51 59 22 46 31 63 43 67 43 37 77 71 83 42 67 0 44 31 14 57 2 62 28 97 9 3 58 55 85 28 72 35 56 90 60 79 33 54 30 52 86 64 17 87 89 63 23 59 75 38 3 14 24 64 12 53 5 87 14 2 9 89 44 34 72 5 48 23 28 72 10 71 4 8 93 12 91 89 74 94 43 1
65 16 36 59 26 55 9 16 32 66 92 50 74 59 20 39 73 60 37 7 21 45 8 83 38 1 13 61 97 47 38 3 27 20 71 74 87 49 60 16 53 25 18 80 10 58 76 11 87 65 96 84 65 49 27 2 56 45 49 73 49 91 7 95 26 63 63 100 58 16 99 25 78 65 91 79 62 43 10 75 27 15 22 61 96 14 6 17 25 28 35 46 21 53 85 74 16 30 92 76
22 23 18 48 12 61 20 17 65 27 31 85 97 84 32 53 77 16 93 13 89 37 92 31 25 81 67 78 93 52 20 78 89 87 2 30 94 54 28 53 97 22 6 68 28 52 100 73 64 50 45 28 93 51 6 7 37 65 89 81 65 39 75 92 37 46 59 72 15 15 91 59 54 27 2 49 53 99 81 42 77 63 62 59 27 81 21 16 43 3 56 63 5 72 28 10 56 58 67 41
63 55 29 50 82 34 58 45 17 88 0 99 61 46 91 56 20 46 38 71 84 87 91 15 44 95 72 30 37 55 1 86 68 41 57 45 39 71 57 82 29 2 52 22 72 0 89 33 66 23 3 50 27 10 76 72 72 4 97 48 34 20 55 22 73 100 63 24 91 76 51 77 53 51 57 47 51 36 25 37 66 55 95 26 27 72 47 12 80 26 3 0 56 62 14 99 26 37 72 18
15 65 36 91 76 96 92 66 2 47 96 25 86 18 62 88 56 82 74 45 16 42 58 74 43 87 68 40 13 95 35 96 14 5 95 72 26 3 39 32 73 29 80 84 14 5 55 99 15 71 76 8 86 92 33 42 83 57 56 11 63 43 80 93 21 65 50 8 34 93 96 52 87 68 65 12 35 85 93 76 52 91 100 20 40 43 18 39 59 8 86 95 73 37 64 29 40 64 59 39
30 2 45 1 92 60 0 90 34 70 38 1 26 61 70 85 78 30 11 83 62 41 17 1 22 79 15 5 24 61 93 94 99 58 69 96 94 54 42 77 55 91 67 20 30 5 83 38 70 3 32 13 73 24 58 42 58 92 51 15 73 40 73 52 7 48 20 16 24 1 87 62 19 86 24 56 91 24 25 31 53 33 68 92 42 90 42 63 24 43 84 6 73 55 100 82 7 45 95 95
55 56 72 74 11 78 18 78 71 20 2 22 6 67 64 85 28 18 15 76 7 75 63 33 29 10 81 53 46 38 74 7 24 73 69 17 72 25 50 62 41 88 24 26 72 25 87 53 33 81 3 55 19 82 7 1 22 62 79 44 17 69 77 60 30 73 87 10 20 68 13 58 4 88 72 74 81 33 64 84 9 11 52 58 8 48 27 37 1 11 42 11 79 82 3 67 33 66 67 64
28 78 36 43 83 7 38 97 90 71 59 25 29 78 19 10 23 99 99 79 43 85 70 35 73 83 32 61 71 5 45 21 66 67 5 50 28 45 70 47 5 59 96 94 45 100 73 26 66 14 85 85 6 93 47 82 53 68 78 98 42 51 67 92 73 51 47 76 64 4 7 9 99 43 28 87 29 90 99 78 32 37 25 66 97 65 4 88 49 26 37 10 30 4 49 54 60 90 42 94
23 59 96 7 47 26 61 33 13 70 98 13 77 75 21 17 11 70 52 28 74 20 46 27 81 63 89 39 26 39 74 12 15 30 37 5 99 7 68 92 56 23 31 54 50 74 80 66 93 20 45 34 63 87 54 74 41 14 75 86 65 67 33 88 25 6 0 16 56 6 14 42 8 96 4 82 12 42 3 32 30 75 7 69 55 53 44 28 7 75 99 46 75 71 94 14 15 49 48 85
28 94 90 45 38 5 15 2 91 98 40 77 18 81 54 4 63 25 45 76 65 94 6 66 20 67 97 76 28 75 25 44 58 78 35 80 56 32 65 8 31 76 8 38 37 8 18 20 0 45 76 13 35 38 0 70 69 74 66 18 69 8 68 90 70 32 19 37 10 100 58 85 44 28 94 12 5 61 23 20 14 57 4 30 2 71 67 39 93 40 83 73 93 22 82 90 7 39 71 84
76 8 100 79 17 35 64 56 11 15 19 73 60 34 1 42 56 82 20 86 83 75 49 54 71 81 96 4 80 23 56 61 83 10 1 4 11 53 69 64 100 32 16 79 90 4 34 44 50 10 57 2 74 41 41 40 61 97 17 74 47 94 91 42 23 46 80 21 72 10 79 30 45 43 11 96 45 7 6 36 38 61 62 85 1 3 31 51 68 47 49 68 87 19 15 24 88 95 15 3
12 73 12 78 84 17 52 61 54 30 17 39 99 29 10 65 94 88 59 49 27 84 69 95 44 3 89 36 79 80 56 25 31 67 35 81 76 19 22 4 27 5 51 34 78 77 80 88 8 85 91 17 10 57 68 51 14 91 16 39 60 28 50 25 17 18 12 0 37 85 85 99 16 95 65 31 4 78 79 23 1 28 5 78 83 3 37 59 19 15 21 50 71 68 50 35 68 81 37 6
8 5 100 11 54 6 13 2 18 41 21 80 64 6 94 98 83 45 71 31 77 31 86 23 53 61 70 97 68 57 5 44 66 59 1 0 85 42 60 44 11 1 56 93 87 14 43 0 86 14 9 25 70 20 50 51 100 57 47 48 34 74 72 81 26 61 92 79 93 100 17 79 80 71 46 51 80 5 5 65 47 76 70 88 29 7 59 3 90 46 78 64 2 90 45 100 70 22 71 29
0 58 66 53 6 44 81 33 34 81 51 91 83 19 76 41 82 100 10 65 100 74 74 63 89 91 12 95 45 57 10 67 33 49 7 95 39 46 97 81 90 43 48 19 36 73 63 81 87 58 71 28 20 44 59 95 87 61 88 1 23 91 93 98 65 11 22 58 4 74 2 4 78 48 6 77 44 89 31 76 22 41 8 85 89 11 19 37 45 33 70 65 36 61 25 25 95 57 50 81
72 1 98 78 7 55 3 37 86 88 96 35 73 49 96 63 14 15 34 20 75 80 8 33 50 17 7 42 79 52 4 39 6 43 48 92 67 69 3 59 49 61 18 10 35 58 48 9 94 74 84 70 80 83 27 2 39 24 48 46 0 28 46 4 81 35 21 68 86 40 2 50 59 84 1 62 100 65 82 73 40 31 88 92 100 47 40 80 73 42 41 25 69 71 33 38 14 42 76 90
67 26 14 26 70 27 81 74 25 10 55 54 62 71 53 100 10 16 7 9 57 20 35 98 88 4 62 2 100 0 76 36 24 33 34 22 52 8 38 98 34 19 40 23 92 61 36 30 31 47 45 75 82 47 35 45 19 7 96 57 65 58 62 18 96 76 100 82 18 35 28 56 13 28 53 71 77 52 47 14 57 61 81 47 87 62 81 39 67 25 16 15 78 100 96 25 62 52 8 74
45 15 91 40 39 93 92 40 14 29 13 25 17 17 100 73 66 8 18 92 33 32 14 98 88 52 37 63 89 82 37 71 33 89 23 71 69 8 27 97 59 83 52 12 86 24 0 94 94 71 14 48 44 87 94 10 98 26 22 70 75 30 48 6 26 98 0 82 3 24 73 64 44 4 2 10 56 96 81 63 37 26 33 89 72 53 47 68 9 37 88 75 24 64 93 85 25 10 46 70
97 37 71 40 50 66 53 9 48 26 10 9 94 36 55 95 93 85 6 34 80 46 33 94 95 26 26 79 13 41 67 49 85 55 4 73 81 61 99 100 1 26 9 79 25 47 47 21 80 8 2 61 74 84 32 13 6 2 20 33 73 71 87 15 28 24 42 17 30 96 68 44 31 36 76 57 44 81 99 70 62 96 49 63 48 90 100 90 94 45 39 61 71 77 85 93 67 82 20 84
18 17 10 75 10 59 10 51 95 4 47 11 37 7 15 47 57 42 29 100 60 43 62 78 11 56 3 61 44 77 12 13 11 86 3 61 29 12 38 2 14 2 82 91 25 65 9 4 31 23 8 13 82 29 6 20 20 44 60 68 89 12 12 41 51 98 75 39 65 38 15 51 87 10 23 9 5 48 67 14 99 68 28 39 99 87 77 85 6 80 48 7 37 15 61 76 43 31 23 65
97 75 71 56 83 26 17 88 88 43 84 49 85 51 32 1 94 29 42 80 97 86 9 81 66 89 19 18 12 33 75 83 7 29 50 69 99 5 29 71 73 37 76 32 34 65 54 31 89 17 86 38 12 39 10 97 28 82 49 51 47 82 64 82 26 33 81 91 11 46 3 88 15 48 83 42 49 40 25 43 86 93 15 72 5 20 91 83 63 100 11 97 16 94 45 11 23 72 2 16
9 81 31 53 86 54 74 30 5 66 16 4 92 93 8 3 26 70 34 48 67 96 98 64 74 74 8 4 27 91 24 2 85 11 46 0 78 67 7 59 49 60 85 51 50 48 8 75 38 99 52 27 74 22 56 79 78 23 3 96 74 100 86 66 17 81 54 80 88 24 70 66 76 9 17 22 92 97 35 18 69 44 41 67 67 100 47 65 3 15 17 5 35 40 58 59 4 83 46 39
68 17 55 53 66 79 90 16 38 87 6 18 27 44 58 60 81 81 76 18 79 36 13 48 60 39 78 45 53 14 1 50 79 21 17 22 69 60 5 82 2 34 95 38 6 74 74 67 54 29 86 35 32 79 30 94 76 80 22 22 25 63 82 75 19 14 86 36 95 58 94 92 4 71 41 8 74 43 97 0 67 23 35 71 45 7 29 74 67 21 6 28 68 64 43 94 100 24 47 53
63 86 93 94 86 50 96 82 20 34 8 84 36 26 77 19 89 40 73 15 20 21 50 98 61 21 94 28 39 39 48 64 81 55 41 68 19 75 58 17 25 51 17 73 74 13 68 68 45 96 54 68 17 35 71 95 86 75 76 80 65 38 55 46 83 62 76 30 79 26 39 98 34 37 51 85 87 84 77 0 43 45 16 0 11 13 78 20 9 10 94 14 19 11 34 81 56 12 49 10
6 57 70 66 67 98 14 8 40 10 24 54 95 9 1 88 1 51 64 50 25 44 91 23 32 32 62 37 92 13 28 74 4 21 10 94 10 3 18 49 76 56 17 14 33 34 83 59 42 61 19 8 6 41 58 18 68 0 32 32 11 31 75 98 85 17 30 26 21 65 69 76 89 2 89 86 20 80 96 69 77 96 22 42 37 22 66 33 74 25 64 61 60 85 33 53 21 69 2 87
18 69 98 27 11 53 61 15 37 84 40 32 28 10 38 24 96 28 71 27 69 43 10 78 75 71 100 65 10 79 42 41 21 92 12 18 87 57 31 63 57 21 79 6 64 45 75 57 83 95 38 71 96 94 17 21 40 50 60 97 63 43 38 80 80 34 40 26 57 40 92 19 74 90 89 64 9 4 40 60 32 61 75 33 68 79 15 2 2 95 90 72 77 10 16 11 80 0 29 100
52 48 42 65 67 66 40 30 30 23 86 69 68 42 88 89 85 13 62 56 19 12 15 86 80 88 10 45 100 90 58 44 0 9 76 7 97 72 72 36 79 24 99 36 66 53 80 49 11 52 46 51 56 15 15 80 76 18 50 31 22 67 19 41 82 90 3 66 52 89 80 31 90 63 52 38 88 84 7 48 39 72 23 30 41 8 24 10 13 85 68 52 55 40 73 26 45 14 18 66
66 95 63 63 27 100 12 54 6 28 51 23 18 54 49 75 30 27 71 11 0 7 87 34 20 44 15 57 9 39 55 80 37 31 24 29 63 34 9 34 78 39 99 91 84 52 47 21 11 43 68 79 15 79 79 19 37 40 57 34 76 26 15 90 36 54 37 84 42 35 39 8 8 28 38 92 0 8 82 69 50 25 85 74 39 42 37 62 100 84 72 35 80 99 17 15 86 86 31 93
55 55 24 50 11 25 91 16 83 45 75 29 75 36 93 33 90 81 84 51 30 54 88 43 33 44 75 25 22 82 36 52 6 3 75 13 76 82 94 80 25 15 50 12 95 61 75 22 60 83 83 100 85 49 33 75 50 59 55 62 44 72 94 58 65 9 100 8 37 75 69 43 78 28 41 27 14 46 40 98 100 5 97 66 57 82 50 28 82 18 16 84 53 94 90 80 74 83 5 11
3 26 100 90 73 2 91 13 7 5 59 0 36 62 1 84 85 81 98 93 75 80 37 85 68 5 53 42 11 7 32 9 45 79 17 98 84 5 32 66 65 88 66 49 25 5 50 50 34 89 26 14 41 87 62 50 78 35 76 100 43 95 50 40 86 21 76 45 9 90 89 14 63 67 93 33 21 21 89 71 32 29 23 15 13 41 54 56 7 46 17 11 29 78 58 94 99 92 75 53
34 46 59 43 18 24 29 66 70 50 28 31 80 34 61 84 13 28 18 43 61 32 78 54 90 26 54 63 68 9 71 34 58 74 99 70 19 99 39 48 65 52 56 75 5 9 91 94 60 100 19 72 10 46 54 36 4 19 97 40 73 2 7 85 51 4 73 37 72 3 30 47 89 6 6 63 67 54 78 81 74 94 62 29 33 67 16 46 47 28 42 29 66 94 30 31 98 8 75 4
10 14 99 60 33 77 74 27 27 65 85 54 52 63 86 98 37 81 56 50 54 89 75 19 61 40 96 0 86 13 10 2 6 67 26 23 78 27 90 28 77 96 1 33 37 21 61 55 54 30 0 94 98 12 27 27 36 48 73 55 46 99 50 71 38 88 69 26 37 85 98 61 7 25 91 28 53 12 11 14 78 52 70 75 43 12 47 71 11 7 48 15 93 96 21 74 43 51 28 34
48 42 7 89 32 71 31 60 68 64 92 57 31 54 87 75 66 3 68 15 0 48 29 66 88 46 35 89 85 70 2 50 67 85 93 74 86 78 49 7 1 79 81 5 95 0 30 23 87 61 49 58 30 35 73 100 19 25 14 40 68 8 16 88 48 49 81 22 60 70 81 13 85 25 91 35 99 79 87 32 97 32 48 84 83 57 17 59 35 61 41 78 29 48 84 22 15 38 100 83
63 69 80 33 0 5 6 88 55 3 16 0 40 53 1 90 0 9 24 60 1 10 56 94 74 99 19 93 9 70 94 80 92 13 98 87 84 21 74 56 63 33 22 3 4 12 33 43 36 77 99 28 43 81 74 5 55 24 23 96 7 82 90 34 67 5 73 87 100 53 61 20 79 55 27 65 29 83 93 21 47 9 26 60 88 72 35 58 25 59 16 23 12 77 11 11 50 68 81 2
73 14 25 6 93 32 49 27 34 31 15 53 21 14 36 89 74 60 48 2 45 32 32 98 35 40 44 64 19 32 85 70 92 93 52 73 12 26 44 35 50 99 7 45 54 74 50 71 82 33 52 39 9 83 82 37 20 65 18 98 80 100 55 36 93 99 8 64 90 32 18 98 82 59 27 99 60 26 47 17 92 4 29 69 61 58 92 30 5 37 57 81 15 98 88 63 75 8 9 40
92 66 36 20 33 7 65 10 30 28 95 100 74 90 31 54 90 46 13 64 72 8 64 73 25 68 9 15 33 80 16 84 99 18 97 5 99 19 25 40 91 80 28 62 32 98 25 58 72 37 25 94 55 78 30 16 52 98 89 45 27 23 52 97 17 94 8 84 98 97 2 88 52 98 17 92 25 66 73 41 41 27 46 70 83 49 77 39 98 19 29 16 49 77 89 66 87 15 14 42
52 92 49 23 24 16 9 0 0 46 21 30 75 2 87 0 41 19 87 82 10 15 20 21 65 33 49 75 41 37 75 42 88 59 49 70 18 20 3 64 74 60 99 28 8 80 32 27 66 0 81 91 46 60 81 56 44 3 57 96 58 38 37 77 76 96 34 54 64 62 70 5 38 13 7 87 85 3 96 3 9 33 65 76 70 33 27 28 15 55 8 16 83 0 61 60 57 89 98 67
12 21 1 99 34 79 39 56 35 51 67 97 34 88 35 15 30 52 68 48 78 41 26 95 28 68 75 3 3 16 58 11 43 94 88 59 10 51 55 99 0 5 45 16 3 85 10 64 20 75 86 69 60 98 72 41 80 86 94 42 90 10 60 34 55 76 15 21 8 6 57 18 26 64 82 71 3 38 45 30 20 57 13 36 18 68 7 60 60 75 20 6 91 31 45 22 37 24 53 90
25 85 92 60 9 25 26 20 57 1 98 34 19 31 81 52 72 0 81 62 14 24 76 73 77 68 84 61 29 56 46 97 67 85 77 78 94 53 4 62 57 5 22 24 21 81 79 48 87 28 49 9 53 84 26 88 54 97 88 62 76 59 65 88 88 69 30 55 26 60 89 28 9 92 25 38 97 89 10 27 16 28 52 49 89 32 0 53 28 47 29 17 44 48 95 5 73 78 84 83
50 32 7 80 85 95 64 83 70 92 58 8 56 33 76 23 22 46 33 47 92 84 25 24 38 1 43 70 21 18 0 89 85 64 68 42 25 57 17 64 17 67 51 23 97 63 51 95 15 100 94 29 25 93 73 75 38 95 23 82 28 3 96 84 67 15 65 30 21 73 7 92 49 11 30 26 77 72 88 37 55 41 100 11 69 60 35 50 13 85 36 60 52 13 80 43 82 51 45 70
20 99 79 77 68 22 79 23 50 75 68 58 20 51 43 72 62 61 84 80 38 13 97 46 86 20 39 4 29 27 92 37 19 50 78 10 39 37 97 3 80 67 1 3 90 15 67 75 59 20 77 11 28 12 40 44 68 30 71 42 99 66 60 17 88 57 8 60 60 21 41 54 59 27 59 80 18 35 46 72 48 30 26 33 18 100 93 83 39 43 37 62 71 24 77 77 99 40 82 94
4 49 77 94 3 4 11 99 21 87 24 33 35 43 20 22 40 78 67 60 82 86 91 82 56 37 80 12 2 85 90 56 29 40 42 44 6 48 27 66 95 50 99 95 84 28 32 22 41 62 43 59 69 49 2 98 13 44 36 62 99 0 75 100 63 9 72 45 21 76 61 24 86 12 16 2 10 31 33 68 72 65 4 56 20 28 20 77 40 74 5 96 76 78 47 30 71 13 75 27
99 84 51 32 19 74 35 66 59 92 46 22 70 92 48 55 98 34 9 17 99 4 54 85 34 98 7 24 58 3 33 90 92 10 8 94 67 36 90 97 13 97 49 15 11 94 7 4 81 16 59 4 30 39 34 90 30 3 26 85 70 76 93 26 96 65 94 21 7 87 17 7 74 88 41 37 89 71 72 71 19 29 66 19 34 63 57 79 43 63 21 69 13 25 45 8 19 70 61 78
9 52 86 96 91 4 93 88 36 92 56 46 12 35 77 98 73 27 92 95 42 78 21 17 17 60 73 72 65 46 13 4 67 37 5 96 41 99 8 5 87 59 7 70 47 26 44 13 90 33 58 38 95 55 56 36 26 47 49 12 1 86 92 19 79 29 82 50 35 36 91 18 57 79 5 96 60 44 30 90 8 89 38 12 7 77 16 30 99 98 0 54 94 2 22 12 59 30 64 75
24 38 72 17 0 98 10 28 31 59 47 91 88 10 84 88 20 77 71 80 30 58 81 51 87 23 73 27 9 54 85 80 20 69 72 88 40 38 13 22 45 30 99 47 32 72 49 76 76 77 83 33 41 93 20 74 73 31 29 68 6 98 56 27 46 78 68 27 75 47 71 1 69 11 35 87 20 48 48 52 76 15 58 80 19 94 84 89 92 23 16 29 76 61 20 96 91 87 22 54
64 29 29 55 89 39 17 89 48 17 35 44 25 100 77 31 34 64 66 98 94 44 8 64 76 20 5 97 1 84 72 48 86 48 41 64 8 46 51 12 64 55 3 49 56 64 56 62 38 22 96 85 45 63 0 98 83 93 93 9 40 95 83 49 4 41 13 25 48 99 72 19 37 82 27 15 29 75 61 91 79 16 45 87 18 95 84 50 52 66 11 89 7 61 27 54 44 52 63 22
87 89 64 54 4 22 85 48 51 56 29 57 68 57 46 42 14 57 98 43 87 72 82 46 81 46 64 96 86 69 32 97 42 62 89 88 81 23 7 7 89 70 94 52 7 78 12 73 63 48 22 5 17 80 90 68 39 98 73 92 73 59 75 85 20 1 96 88 43 62 22 75 14 87 44 15 36 91 16 44 66 73 62 30 31 36 67 80 35 63 19 58 11 75 16 39 81 29 47 36
70 68 76 31 3 63 32 10 25 96 96 70 63 54 7 4 44 3 50 75 37 79 75 11 38 88 96 34 38 74 93 42 98 42 74 17 80 64 32 60 0 60 67 26 18 79 0 9 71 21 84 43 10 31 20 11 44 79 43 18 67 28 20 16 16 51 3 1 20 60 23 0 42 9 23 17 17 97 11 67 18 72 9 75 41 2 7 37 54 32 18 56 25 68 87 44 64 30 94 92
63 10 86 50 69 88 91 38 72 89 56 84 0 58 37 36 37 90 35 57 6 63 35 38 30 16 43 23 72 28 30 44 46 66 63 32 82 3 98 28 45 37 32 77 1 0 91 99 83 63 33 7 45 6 24 26 26 56 97 6 85 38 8 68 98 19 13 44 93 26 33 8 10 26 52 10 71 17 25 49 77 96 75 8 55 20 36 32 80 2 60 76 77 17 11 52 62 44 5 81
92 16 85 53 60 78 34 95 95 18 16 27 8 34 67 0 84 82 19 56 26 93 61 20 15 6 21 95 67 31 8 2 97 85 84 70 75 95 27 90 47 81 74 94 34 37 16 59 76 18 89 36 20 74 8 61 5 49 18 61 20 46 18 71 54 89 19 76 80 53 33 24 14 18 95 30 49 21 26 65 48 14 67 41 27 48 60 92 97 88 75 59 49 64 27 71 17 36 44 60
81 34 14 13 5 58 39 78 72 29 8 14 63 30 52 29 78 73 13 6 38 88 87 44 97 15 1 9 7 9 62 63 6 98 95 96 1 77 10 52 3 10 2 43 79 52 19 24 39 34 86 26 31 15 57 23 92 90 95 33 59 61 50 26 55 87 37 90 66 25 97 58 19 62 54 87 12 93 98 33 84 28 21 71 33 31 13 61 6 62 91 69 80 26 78 7 40 37 58 2
58 38 1 32 42 22 95 38 0 22 40 61 12 77 3 23 11 52 73 48 27 34 80 89 100 7 95 48 9 70 29 70 74 92 88 53 7 28 86 61 76 31 24 46 96 60 36 53 14 0 46 30 89 2 44 20 54 54 94 11 41 26 52 45 62 28 99 50 17 18 97 86 26 27 95 4 68 10 52 70 42 32 35 29 95 56 45 93 32 62 44 51 82 46 0 88 80 99 37 20
23 15 49 74 75 6 35 24 68 61 38 35 96 77 27 1 98 39 67 28 91 84 81 93 9 97 48 66 71 24 56 10 76 49 55 74 0 84 98 78 45 78 88 92 49 49 9 1 72 77 96 75 87 74 51 67 16 48 65 30 79 95 41 66 66 20 80 42 70 32 52 82 13 52 95 7 66 85 51 73 44 79 52 86 59 58 55 96 80 60 7 92 53 2 29 79 91 97 24 22
48 79 36 92 0 85 89 100 39 57 74 84 13 53 5 71 10 11 52 86 84 32 88 8 92 61 45 55 95 74 84 42 34 98 51 73 62 70 57 5 99 70 68 65 0 21 87 27 56 93 88 14 36 47 15 0 37 96 81 99 92 22 86 91 51 48 17 71 14 12 46 19 39 60 85 37 55 11 39 2 63 34 90 91 48 49 60 81 9 29 88 15 4 83 36 21 72 77 78 45
60 37 64 29 83 95 57 62 30 81 28 91 56 77 77 25 81 62 8 44 11 29 91 72 9 70 74 46 49 39 27 95 45 36 64 4 76 91 26 85 88 71 25 51 84 42 81 79 99 44 55 100 59 93 90 94 21 22 56 52 40 43 71 67 33 62 10 54 77 33 45 2 56 24 38 4 92 34 82 95 64 83 28 78 58 47 62 72 5 47 56 84 33 0 8 37 14 16 19 41
6 95 84 46 98 17 27 79 34 19 94 23 40 65 24 38 98 25 93 33 18 26 65 18 18 25 6 82 91 96 83 2 65 10 16 28 65 23 49 78 43 82 90 36 12 50 67 12 84 33 22 97 53 49 37 49 10 56 53 33 10 28 87 17 14 73 19 41 14 54 18 96 15 15 37 51 31 62 97 2 72 73 47 61 0 98 91 85 84 6 1 47 82 67 17 76 17 80 63 0
66 8 25 71 48 100 4 13 70 13 27 97 72 95 71 63 37 42 43 32 56 4 45 13 4 74 82 27 81 86 86 41 26 53 92 87 53 18 41 74 27 36 22 44 26 78 42 69 39 69 67 22 20 18 20 28 23 72 28 41 82 96 83 56 93 72 32 36 40 13 40 7 26 80 85 24 59 63 37 57 97 32 100 83 25 95 93 93 17 1 5 48 41 70 19 27 57 47 92 20
48 57 8 11 33 29 41 6 79 69 40 98 64 72 82 57 28 89 90 63 51 37 4 80 26 44 60 50 100 35 57 8 46 29 87 9 72 51 0 76 21 42 93 50 5 2 27 67 74 44 0 74 61 95 24 59 15 25 14 66 80 15 69 42 52 79 73 4 71 40 10 79 83 17 83 96 19 96 36 45 26 11 14 3 100 7 71 56 26 25 16 55 30 59 43 15 78 4 6 48
25 72 21 8 25 93 78 71 23 49 5 42 70 91 2 76 69 82 8 13 32 36 75 46 37 6 89 87 45 33 69 29 100 22 48 40 56 70 75 16 97 46 52 83 13 4 99 41 65 42 33 37 76 10 69 34 6 70 94 24 8 60 73 27 51 27 52 4 51 37 34 55 19 34 10 27 53 10 15 50 93 97 4 85 85 63 54 57 4 40 39 36 90 3 95 30 81 74 84 58
60 34 16 14 81 3 44 25 38 76 53 22 0 13 52 44 34 58 65 17 75 58 84 70 0 2 61 24 0 61 97 16 51 88 28 46 50 60 64 16 92 12 58 68 82 96 39 81 45 19 74 99 51 63 39 7 86 2 62 18 86 7 89 83 64 44 86 21 83 22 34 74 27 20 98 19 54 52 77 59 100 26 40 72 82 6 14 41 58 95 75 98 84 40 6 18 71 96 61 50
47 97 75 64 45 32 26 39 48 89 94 38 73 10 8 75 26 73 15 93 15 75 41 83 7 16 37 73 0 71 88 87 76 8 59 25 56 48 50 42 31 97 99 1 58 27 3 72 45 58 14 89 90 16 32 100 80 63 17 90 85 75 72 65 12 41 63 78 97 1 31 67 32 57 62 51 53 2 57 42 65 81 78 61 40 86 9 67 69 31 96 67 69 58 86 91 64 80 4 75
10 98 75 82 60 54 42 46 25 38 57 32 1 97 64 47 3 63 85 82 42 85 55 13 23 42 92 7 37 27 10 87 72 41 39 83 43 15 45 32 25 70 33 51 34 90 36 31 17 8 94 45 58 31 26 79 27 10 28 63 15 63 51 14 20 15 78 75 71 93 21 94 9 43 84 27 64 2 70 6 1 91 8 95 89 17 16 90 13 29 14 9 88 50 14 27 10 55 51 77
24 92 29 85 1 89 47 77 15 51 47 38 32 1 75 12 96 10 54 27 59 48 78 6 8 29 38 100 50 60 25 73 54 66 23 49 39 16 76 22 37 96 67 83 15 53 20 72 4 80 41 18 55 36 69 94 39 66 65 13 9 1 74 15 8 22 44 63 59 9 22 8 91 92 48 75 9 84 84 98 73 54 31 67 20 10 77 23 38 67 10 66 16 28 76 89 85 21 26 19
99 89 0 31 80 13 71 27 86 49 97 48 90 72 94 64 8 24 22 88 81 27 31 69 48 16 99 27 4 78 34 84 70 99 82 2 59 27 12 26 18 47 39 87 35 20 74 28 31 90 81 68 74 23 43 46 5 43 42 19 95 75 98 26 48 14 24 59 50 12 89 20 57 63 71 64 78 35 59 17 60 100 64 52 96 66 28 56 84 54 54 93 44 16 80 6 52 13 15 42
68 24 80 11 18 55 51 63 55 49 52 19 91 51 43 85 26 92 80 19 12 10 66 9 98 41 75 82 10 2 31 5 89 59 7 34 19 71 55 56 84 97 39 30 39 22 86 52 40 41 70 31 88 69 5 23 81 92 99 23 83 91 90 88 88 20 3 95 44 10 96 49 80 22 98 27 73 54 90 19 74 65 49 49 100 28 93 92 57 2 35 16 67 12 100 16 9 72 48 6
38 54 67 55 60 11 10 9 100 82 48 56 15 100 59 68 14 37 44 94 25 21 37 46 86 81 16 89 86 42 0 39 4 27 78 17 14 53 28 12 32 90 23 68 43 34 38 76 21 48 75 26 29 46 49 13 84 80 61 36 1 30 10 18 44 96 41 72 63 76 33 66 82 46 24 44 50 59 73 7 46 91 79 96 9 6 74 62 55 78 100 17 17 28 76 66 15 42 26 14
4 52 65 31 98 3 33 43 20 0 85 78 100 21 78 11 24 81 81 49 41 8 93 15 86 3 3 74 26 64 79 2 8 7 7 27 48 100 82 30 63 16 34 8 27 2 50 0 3 77 44 76 87 15 16 38 91 2 3 63 41 23 90 53 4 14 52 86 59 80 11 26 50 17 50 29 58 99 19 11 62 44 52 59 57 28 100 67 80 64 39 7 55 21 65 39 9 7 62 26
75 3 58 50 26 68 16 63 63 99 59 63 69 5 100 0 56 14 70 23 58 35 14 97 32 16 97 74 37 100 10 80 14 85 94 20 91 67 73 62 0 77 16 82 79 93 21 2 55 72 57 24 78 97 83 29 83 7 14 10 17 37 59 43 8 96 21 54 93 25 37 52 84 74 35 35 32 92 31 77 29 15 49 16 46 73 81 3 26 45 99 23 28 15 82 76 88 47 70 9
90 26 19 79 79 23 63 5 4 87 83 89 50 46 90 6 61 13 5 22 23 93 46 3 65 77 19 26 94 52 58 34 92 69 0 67 58 86 69 6 48 79 38 91 53 96 72 18 76 6 27 36 19 22 33 95 58 91 70 89 77 91 77 24 74 56 29 48 88 57 73 8 21 88 63 72 74 94 46 4 55 59 76 78 41 10 27 6 95 40 24 52 23 27 45 35 25 59 66 8
36 76 33 22 76 17 45 13 5 95 27 37 40 30 67 48 58 20 49 68 95 2 28 22 27 68 27 93 1 11 55 12 78 58 51 23 78 86 22 12 25 67 25 0 50 13 62 32 95 33 7 11 11 85 5 36 94 100 91 83 99 54 23 21 92 4 46 67 99 80 84 45 70 61 46 82 36 95 33 60 95 46 41 91 70 84 57 62 90 30 91 67 15 46 82 44 62 4 9 43
44 57 24 93 22 31 85 43 43 89 80 60 1 10 97 57 67 48 0 29 12 26 96 57 92 26 90 77 98 35 47 73 17 75 12 7 69 55 14 96 2 74 82 62 19 49 53 60 58 22 19 77 81 59 86 3 59 5 34 54 20 71 99 39 50 2 22 22 54 54 10 80 9 29 25 66 44 58 11 52 62 94 51 2 33 75 12 86 1 84 47 57 68 20 2 27 86 64 75 26
41 66 79 2 61 28 97 59 1 20 82 27 52 88 10 69 70 73 15 78 89 30 11 17 43 4 34 32 24 15 92 65 20 69 43 39 30 99 19 61 66 29 46 5 29 90 10 47 20 88 84 19 5 98 90 97 86 79 94 42 83 25 48 80 66 99 66 74 46 29 1 55 10 47 97 81 60 3 49 67 51 23 25 3 50 5 7 86 83 19 89 64 62 77 99 86 46 49 90 80
89 98 73 86 13 54 8 8 12 87 35 18 74 4 19 53 28 48 84 77 22 33 52 57 78 24 82 8 56 19 63 97 78 31 10 92 68 83 14 71 47 80 45 70 62 97 90 89 43 90 62 32 57 82 56 37 87 8 70 1 29 43 69 32 44 25 90 21 50 91 67 51 64 97 62 95 17 65 11 94 37 74 51 86 34 23 56 27 10 12 12 59 60 7 49 33 92 94 62 24
0 84 82 100 97 41 73 11 63 60 87 90 18 23 42 70 93 13 49 10 53 41 100 54 81 60 96 70 72 64 52 68 90 67 90 85 52 59 40 75 75 23 58 100 72 96 95 21 72 3 50 30 20 40 73 39 66 52 41 35 15 33 14 77 48 94 58 11 40 100 36 56 99 61 57 42 87 99 7 77 5 55 82 37 5 18 97 47 11 5 74 74 37 39 83 27 72 5 31 9
75 62 19 55 31 53 47 74 47 81 56 86 46 75 52 57 81 17 31 34 54 92 71 90 99 53 87 27 15 18 30 65 83 94 30 51 46 49 25 38 54 44 37 24 95 100 83 75 62 29 39 86 99 84 62 87 34 37 59 49 46 82 53 16 85 34 23 42 79 38 2 54 94 67 59 18 16 50 91 22 66 27 86 9 38 81 61 51 82 90 12 11 8 86 63 26 55 28 14 51
37 8 37 74 36 98 16 39 34 45 31 37 19 22 33 36 82 82 8 55 100 28 79 65 92 11 64 33 49 30 78 99 75 35 22 74 38 9 6 30 9 77 53 25 97 95 57 64 14 46 11 3 89 62 11 95 59 68 15 85 86 21 84 89 92 67 57 82 86 63 99 77 17 72 17 85 29 3 37 94 1 33 74 81 45 44 28 5 80 13 40 40 46 19 60 6 85 12 35 95
36 73 45 79 26 48 36 15 20 2 7 35 73 39 39 22 12 98 36 44 93 58 22 30 36 17 32 90 29 93 52 8 4 91 31 68 63 60 64 10 21 46 26 64 33 7 60 98 8 80 0 15 80 31 69 2 38 55 80 60 19 94 9 96 79 97 31 71 39 33 81 76 20 54 55 87 76 40 52 28 82 33 73 29 77 18 6 7 52 49 62 48 3 16 62 85 85 37 100 68
69 87 69 8 54 9 14 22 75 65 83 1 11 23 30 20 96 45 11 49 42 12 55 37 14 83 28 73 40 17 40 33 60 17 87 32 52 59 21 2 55 34 51 98 88 50 56 87 12 70 60 94 25 41 16 97 41 25 67 66 11 94 11 75 2 60 38 33 80 88 36 61 31 17 77 93 80 92 18 10 30 20 99 98 64 60 43 89 45 13 78 8 89 79 25 43 77 4 88 34
93 81 18 44 94 47 93 41 7 30 45 88 93 88 36 21 2 13 87 9 48 40 17 63 26 80 69 77 46 15 46 31 98 3 100 34 43 58 86 30 76 83 79 19 23 2 38 20 37 73 27 3 1 35 84 95 73 72 19 3 98 98 29 18 98 78 61 65 61 3 2 80 89 92 30 11 75 30 18 59 25 66 52 79 86 13 78 48 62 23 74 23 4 75 41 22 83 94 100 16
46 74 78 31 83 85 84 86 46 34 82 61 60 66 73 91 59 56 45 89 86 72 34 40 38 31 90 24 20 8 18 54 59 88 19 64 37 97 72 55 19 91 60 48 29 54 17 34 65 42 63 73 33 18 75 59 98 93 13 89 30 5 6 88 41 49 94 96 14 76 59 42 54 81 52 92 20 25 21 10 33 16 9 88 84 8 19 9 4 45 36 92 86 5 14 5 6 90 72 5
70 32 49 29 35 87 21 68 29 62 58 94 32 0 69 74 40 75 63 79 84 83 15 8 96 67 94 97 28 49 88 6 16 24 98 71 15 100 1 52 52 46 7 92 36 50 70 17 94 85 90 30 97 78 87 19 92 98 19 100 98 3 75 51 73 57 84 13 86 82 99 48 39 9 63 83 53 73 72 1 19 11 76 43 28 93 48 31 53 68 9 8 99 51 7 31 24 15 56 60
71 92 57 50 4 42 71 28 21 15 38 40 20 96 47 55 16 76 81 56 32 33 11 4 30 79 22 98 64 37 88 51 56 19 74 94 92 93 45 50 66 93 28 96 85 40 68 27 9 23 5 86 54 71 40 67 63 57 59 17 26 49 67 75 90 2 94 4 22 19 83 12 59 68 61 34 87 21 21 26 5 88 97 26 56 15 78 21 85 58 79 92 94 6 5 49 37 33 87 95
70 2 40 20 62 5 36 61 21 100 33 22 7 64 44 75 55 12 87 51 45 14 99 53 78 79 89 4 88 96 41 35 77 6 37 32 95 66 26 47 41 66 82 93 29 10 56 86 30 25 97 65 45 43 16 67 23 74 30 26 24 48 73 74 16 36 95 19 37 47 79 25 1 9 73 47 42 30 11 42 88 64 12 72 16 56 28 90 66 35 62 10 20 64 24 2 96 86 36 88
56 35 78 49 76 93 86 20 85 31 77 16 85 21 80 59 37 37 17 13 28 10 99 33 82 25 25 63 89 43 50 68 35 19 81 70 10 85 38 52 94 94 45 14 75 30 43 93 21 53 14 6 31 21 49 73 6 30 89 53 98 65 18 68 94 60 64 10 18 66 23 59 21 16 48 81 28 91 11 17 82 89 38 20 1 49 36 40 23 32 6 57 95 79 50 86 16 19 93 66
34 36 11 6 97 84 37 90 32 66 47 59 35 37 76 42 34 65 78 43 87 26 18 17 54 49 87 34 29 79 1 55 43 35 41 48 48 28 37 97 48 12 75 99 46 74 19 92 29 74 99 41 82 3 46 69 14 36 10 68 77 5 17 56 33 99 0 76 40 22 62 49 84 46 32 47 25 23 6 89 3 28 45 9 74 31 20 85 75 68 54 54 55 87 89 30 73 48 69 23
35 37 36 70 75 7 93 51 94 14 37 82 70 69 74 94 3 100 96 25 92 62 21 82 82 20 43 6 69 54 31 0 50 85 88 33 27 11 16 72 35 94 43 32 45 14 14 98 40 50 75 40 11 86 38 91 91 59 82 69 67 53 72 0 53 26 85 61 96 21 27 74 26 68 56 77 25 63 57 89 91 12 27 40 100 87 42 35 52 47 21 73 30 59 0 0 19 27 33 27
92 67 71 13 87 17 94 61 47 58 41 20 10 82 45 93 48 91 27 60 45 9 77 61 40 67 61 27 93 20 56 7 76 81 90 7 95 33 76 93 42 83 67 73 1 9 26 18 94 86 92 54 61 2 54 36 15 73 15 48 100 23 25 49 86 77 19 57 87 79 47 22 33 97 49 45 72 11 82 82 74 85 71 46 49 27 93 83 26 15 86 10 48 77 33 59 69 50 88 68
43 37 47 5 73 91 56 14 25 91 73 34 38 96 23 26 92 2 34 37 37 21 39 22 68 65 14 47 50 28 83 32 29 8 91 68 2 79 29 80 43 86 100 99 56 58 11 8 96 24 37 89 43 39 16 25 2 33 25 36 27 78 63 13 37 74 2 8 71 87 76 28 37 95 72 67 75 48 78 62 97 46 8 78 14 0 29 90 67 54 100 34 71 57 88 35 66 94 65 83
12 44 19 10 8 78 70 9 86 63 44 80 75 42 94 51 93 1 79 41 67 12 81 9 45 50 5 31 93 58 52 31 48 83 15 65 52 34 3 18 56 30 39 83 42 12 84 82 43 38 74 74 43 79 6 51 23 100 90 68 32 82 0 38 55 97 20 14 9 20 78 58 0 36 51 57 9 67 74 48 96 82 28 33 10 47 22 63 17 43 5 2 1 29 41 78 2 76 1 48
26 46 79 49 63 37 75 0 14 28 93 49 86 7 77 41 20 40 67 15 49 9 93 87 63 10 19 76 71 34 66 75 94 58 61 63 46 19 9 6 74 23 80 17 50 90 4 93 10 88 19 61 91 27 95 79 14 61 60 50 46 100 38 52 12 62 75 11 84 40 63 42 74 53 57 76 60 89 30 93 94 60 91 86 5 87 99 97 20 99 26 88 85 10 14 64 56 81 35 78
68 53 62 59 44 96 57 46 24 70 22 36 50 21 91 20 96 56 14 90 31 26 39 6 87 6 59 38 7 64 39 74 87 83 31 71 91 33 22 81 77 99 94 30 37 47 58 42 60 35 24 69 55 13 77 90 98 63 38 82 70 91 65 31 35 31 27 62 89 72 31 57 33 99 61 5 89 84 52 66 8 14 69 48 50 86 71 80 57 47 70 63 74 42 2 36 59 17 76 36
47 2 11 27 31 42 56 71 50 61 26 57 59 22 53 47 66 19 67 78 56 58 97 34 40 71 45 24 22 38 90 50 15 7 24 22 56 48 69 40 100 49 70 93 58 24 12 68 43 84 66 100 21 59 78 91 81 63 18 84 28 60 81 50 8 65 79 73 64 77 62 70 48 61 7 60 16 87 95 35 92 78 46 16 8 33 70 93 84 68 96 9 47 57 14 6 59 67 19 96
9 80 97 49 28 80 53 4 60 7 99 8 85 64 52 15 50 22 17 87 14 0 36 54 12 47 47 80 44 34 34 75 30 89 58 72 15 28 89 70 87 45 99 2 99 14 82 48 92 10 94 27 91 90 40 10 10 86 57 88 46 95 71 9 65 51 39 16 44 14 32 74 5 15 83 12 7 60 83 98 64 58 40 39 58 100 100 41 1 8 35 29 90 37 53 37 73 88 97 18
74 100 44 4 50 81 47 85 70 45 85 3 52 93 80 63 80 100 32 59 13 35 28 78 10 28 49 36 92 91 2 55 86 47 29 69 90 89 85 18 83 67 31 14 20 13 95 23 89 7 2 88 30 17 80 43 20 84 11 59 55 81 57 97 33 10 1 12 47 55 51 2 45 10 47 81 23 43 0 57 21 50 41 99 3 89 7 58 99 73 49 44 86 0 98 6 62 39 40 9
98 64 49 86 0 32 71 47 50 39 40 87 28 61 49 98 1 46 73 4 87 29 56 21 47 57 42 38 56 5 39 17 40 55 6 14 11 81 23 94 68 76 61 1 61 98 24 38 19 13 20 33 42 99 74 48 13 26 55 79 44 19 38 65 71 99 94 46 94 53 19 58 99 3 70 74 44 94 84 46 46 32 47 82 59 99 83 90 95 92 43 72 37 77 53 91 100 0 49 1
28 10 37 92 21 34 77 61 8 49 1 80 83 61 75 41 3 4 77 7 8 38 81 19 26 24 23 58 97 50 96 92 59 19 63 96 69 98 57 100 80 16 73 48 50 23 62 41 82 48 81 60 86 70 14 75 32 70 27 61 94 66 1 66 74 23 53 95 65 100 74 5 64 83 51 89 51 93 47 51 88 44 59 21 0 12 70 55 77 85 97 32 22 23 38 22 32 20 69 17
43 6 79 72 86 92 23 16 22 94 43 29 88 23 1 84 64 72 1 9 58 50 11 38 16 50 2 46 84 51 17 29 32 85 69 43 62 82 53 56 15 50 78 25 66 87 85 34 37 48 20 44 65 48 90 70 24 43 28 8 56 72 81 83 86 49 48 67 3 30 68 5 88 50 70 16 84 85 53 95 22 49 51 29 35 90 86 45 10 3 2 50 11 66 37 89 3 16 62 32
87 97 76 38 39 3 31 29 97 40 35 100 27 94 45 52 80 63 5 28 3 33 45 16 7 80 11 75 27 0 96 25 12 73 32 82 5 52 8 83 59 81 6 1 21 63 74 74 37 81 20 78 0 85 68 90 95 17 8 1 49 70 48 1 30 29 76 12 58 51 8 91 63 18 62 98 81 32 26 79 21 25 52 88 53 94 68 52 55 63 58 91 84 84 40 18 13 10 59 23
81 63 78 83 23 29 33 6 10 14 68 6 30 21 29 0 40 72 98 16 95 84 4 46 36 95 74 19 39 48 13 12 63 3 75 8 61 16 20 91 26 5 36 79 49 58 21 14 30 42 0 36 87 70 68 6 13 24 35 56 24 50 53 52 29 71 36 55 18 35 85 86 48 83 58 28 77 33 76 43 100 55 70 59 58 65 5 46 81 93 34 19 59 96 78 32 36 6 6 30
48 94 65 61 55 76 48 47 7 9 39 72 82 92 24 62 57 27 12 36 44 67 5 1 53 84 99 0 98 46 81 30 88 13 65 8 65 19 28 77 1 9 79 43 10 68 93 11 47 14 47 32 73 65 23 11 98 80 16 48 6 71 45 89 10 64 65 63 87 41 8 64 19 78 36 95 75 22 100 19 25 45 95 74 81 94 80 68 99 69 58 27 14 23 44 77 21 77 49 75
57 99 15 27 24 72 58 61 91 46 77 72 10 93 98 10 22 25 60 1 37 43 23 44 41 55 88 58 75 88 23 78 31 70 93 58 94 33 28 3 16 52 22 62 35 94 25 78 1 96 82 41 87 23 41 35 33 20 70 2 32 70 23 90 66 40 2 87 56 81 87 51 12 73 18 84 78 14 86 22 67 59 48 92 69 79 91 14 14 30 59 94 21 56 80 6 41 73 96 41
