51 51 96 50 19 48 80 5 11 17 78 30 0 90 3 44 24 75 10 83 95 33 94 26 67 76 95 90 17 21 64 2 62 90 60 47 56 73 69 81 5 47 83 45 94 47 60 99 1 57 22 35 30 23 38 38 36 63 95 20 0 57 6 36 44 64 45 21 21 54 47 49 97 33 15 49 78 89 90 62 6 18 76 73 75 29 13 27 27 54 59 51 43 10 100 94 19 48 90 44
81 73 20 78 86 57 15 87 52 58 31 27 22 2 34 76 100 98 40 71 92 42 87 53 2 8 55 0 57 51 91 82 59 36 29 30 84 6 22 79 0 99 54 89 58 96 94 36 13 56 72 81 18 58 16 86 84 52 84 47 41 62 22 61 14 55 20 8 6 38 70 56 26 46 41 82 25 36 32 11 57 69 87 5 78 95 29 34 0 1 38 79 15 56 86 31 41 30 42 53
66 23 48 71 9 43 21 100 96 6 21 10 54 92 46 95 1 48 60 74 79 18 64 67 63 41 15 13 39 94 13 3 87 42 37 21 63 48 51 25 33 21 17 63 62 72 25 91 2 20 96 47 17 10 90 71 83 86 28 10 32 44 87 44 78 6 43 96 32 24 42 2 27 5 32 32 95 15 84 8 79 42 17 48 63 41 4 86 1 89 85 55 40 70 25 95 26 47 73 51
9 49 86 74 50 44 9 45 2 5 56 8 28 88 23 28 91 20 53 72 45 25 95 81 90 8 86 7 19 45 36 67 95 68 41 77 1 74 43 25 14 93 91 38 97 97 79 21 60 23 28 88 60 1 33 78 1 31 96 79 62 10 61 6 28 72 21 52 45 16 89 73 92 67 29 12 5 42 18 94 69 91 11 46 33 94 24 26 64 95 1 64 73 22 1 10 33 67 65 77
46 95 43 1 97 6 18 95 36 29 44 12 53 22 61 85 71 53 93 44 50 80 89 1 95 21 15 45 15 18 28 26 95 54 11 42 65 100 80 23 79 99 10 45 8 90 15 96 83 86 87 48 26 37 14 22 45 41 18 72 38 81 87 71 34 94 19 24 65 28 10 97 83 20 87 84 31 11 12 25 5 5 85 29 77 65 41 96 83 20 33 2 75 49 48 55 43 79 2 83
95 90 59 27 90 4 58 50 29 10 37 47 0 52 51 62 62 89 59 72 97 98 88 84 15 73 13 16 49 77 84 61 57 76 45 2 28 47 52 100 57 99 25 20 27 10 57 46 79 29 86 57 13 3 52 13 31 22 28 17 95 19 58 10 75 22 4 92 41 36 79 72 60 3 72 68 92 40 98 6 63 18 12 16 9 37 36 92 9 45 16 80 65 88 91 100 84 26 87 81
81 61 96 40 76 82 75 53 83 23 28 36 43 43 7 75 71 99 51 72 86 9 60 29 69 16 95 61 43 29 73 16 17 64 65 66 10 100 17 16 7 10 24 85 81 55 23 89 80 53 5 42 98 9 90 30 56 43 74 39 14 56 85 49 18 3 59 3 15 47 39 26 6 89 0 88 8 74 34 92 63 95 78 21 97 70 80 22 17 55 14 48 22 60 99 50 58 74 62 47
36 49 82 96 86 23 72 32 78 60 86 19 42 71 81 45 78 56 33 11 32 100 80 52 32 56 88 3 15 35 40 96 57 32 65 55 47 55 46 33 0 49 63 0 24 62 14 29 3 82 15 99 18 79 95 74 87 90 50 7 37 19 62 96 4 17 61 61 2 64 84 57 7 79 61 100 58 7 12 69 15 63 27 41 26 78 44 31 94 22 99 53 48 39 65 99 89 30 88 31
38 84 58 31 29 88 52 34 22 85 10 37 6 73 45 28 54 38 27 23 58 67 96 11 65 0 75 28 9 74 56 46 36 39 43 57 89 8 63 94 79 64 42 7 94 100 23 44 65 82 17 14 36 80 43 57 97 84 41 28 21 24 5 55 49 69 38 88 7 29 88 75 43 35 33 91 9 19 50 70 22 17 96 34 80 63 89 40 44 62 54 42 79 20 21 50 81 31 83 46
23 84 85 76 42 38 26 52 48 23 84 88 5 11 85 8 57 61 20 68 66 42 29 82 95 59 35 17 90 59 61 48 87 33 74 63 38 50 36 14 12 72 22 3 23 57 66 9 27 64 30 99 3 28 72 47 74 92 86 3 34 93 32 22 57 89 80 34 97 53 57 48 67 44 96 4 25 93 76 67 90 0 52 73 49 92 51 35 94 64 14 37 33 40 71 49 12 70 17 53
5 0 24 98 90 57 57 13 60 39 70 35 94 40 75 90 94 32 73 86 19 83 91 81 5 62 61 61 49 45 8 32 30 86 7 49 75 1 52 75 15 55 71 72 60 46 4 26 19 67 46 43 30 20 2 50 82 68 39 14 18 66 0 93 76 83 47 83 78 84 22 3 86 80 50 43 87 86 82 68 11 68 88 68 57 80 43 68 36 94 77 4 57 27 52 26 50 82 93 3
23 1 39 15 4 21 4 69 3 59 18 77 100 63 54 5 77 48 85 64 92 51 73 99 16 91 85 25 23 87 11 80 9 53 49 31 77 55 50 87 46 51 55 19 48 88 61 50 33 18 34 71 100 0 43 78 58 78 4 68 13 47 45 31 85 81 31 10 60 24 10 82 6 82 98 9 9 40 31 42 76 43 89 17 82 68 67 69 27 9 77 38 23 35 54 19 26 64 34 14
69 98 8 0 44 52 87 85 5 38 90 31 43 12 2 61 5 8 55 11 13 58 88 6 36 26 4 60 99 34 63 59 84 15 27 76 98 64 48 91 35 77 80 63 48 38 18 34 6 0 13 82 74 18 4 39 27 97 71 96 64 18 30 14 31 84 39 72 31 97 45 49 58 73 3 4 31 47 29 29 51 12 74 46 16 60 82 61 0 56 7 14 30 42 80 18 2 8 64 32
76 6 23 39 88 100 80 39 13 69 38 38 38 72 67 76 91 1 66 33 38 17 61 54 6 56 73 63 28 95 43 48 89 59 34 18 72 56 39 73 30 19 5 16 65 74 21 49 28 37 55 24 16 24 31 5 47 81 4 46 50 58 17 86 70 88 55 49 98 84 70 10 100 12 87 2 59 95 35 73 32 43 53 3 97 36 50 66 39 86 48 68 42 6 15 8 100 62 64 15
57 88 63 65 43 22 93 99 42 79 3 97 96 59 91 70 65 90 45 85 76 72 52 74 39 70 47 34 3 76 50 71 15 64 60 75 16 32 61 7 30 52 3 94 21 38 24 100 30 14 9 41 61 31 75 42 94 52 76 63 82 49 16 61 62 50 68 93 50 30 49 74 43 97 56 53 89 77 92 41 82 15 64 62 33 71 70 71 25 8 79 62 94 78 75 49 94 4 35 69
100 0 4 44 39 16 46 4 61 85 30 6 38 11 67 60 57 100 54 53 30 40 22 47 45 84 68 77 20 43 13 44 44 0 39 32 26 72 54 43 12 23 63 87 25 82 100 25 89 9 85 98 84 46 4 3 8 90 12 39 22 7 45 47 5 39 40 2 73 38 64 37 58 66 64 18 41 95 79 96 61 83 68 94 87 29 77 69 36 87 53 49 81 87 78 45 100 60 41 73
98 3 57 48 70 59 80 30 27 63 12 31 28 35 21 80 78 7 45 11 56 85 88 98 51 94 39 65 22 13 35 24 91 0 39 10 1 7 69 52 34 21 21 41 29 84 10 4 49 88 77 10 23 50 23 23 13 19 87 41 63 44 99 31 99 15 93 64 31 60 90 62 51 8 86 50 65 74 47 24 20 66 20 89 29 97 25 68 96 87 95 84 65 35 12 100 50 23 15 20
93 47 98 94 42 3 33 13 94 65 84 90 40 72 63 61 27 34 12 53 97 92 99 47 78 13 47 30 22 82 87 43 36 7 80 27 35 41 52 65 62 28 98 36 35 47 24 24 42 4 42 81 66 67 69 37 43 1 47 37 71 6 48 31 99 1 100 61 34 58 38 74 48 25 19 33 73 61 41 82 20 39 51 42 44 43 98 50 82 92 86 90 10 40 29 16 1 73 55 5
10 19 14 21 58 52 10 3 85 75 74 2 13 90 33 98 1 48 10 44 85 34 71 52 92 56 4 80 10 86 33 16 62 15 8 41 31 97 29 70 17 73 21 36 5 46 9 23 84 53 100 25 50 28 43 18 61 38 9 36 8 49 3 76 62 83 14 38 86 84 17 56 67 95 18 52 47 8 73 90 13 4 65 76 76 14 30 64 91 21 87 2 53 47 80 87 0 97 40 0
35 79 79 1 77 92 0 93 64 19 24 33 100 74 5 50 75 66 76 88 20 93 57 90 48 24 5 27 1 16 22 91 72 5 55 36 70 63 27 0 12 48 85 24 85 29 74 6 20 69 49 66 67 61 94 0 56 40 13 18 90 75 74 81 10 43 73 57 11 66 52 50 73 6 24 96 58 76 77 77 32 71 0 68 54 9 46 93 20 75 27 65 0 31 32 72 17 22 64 75
38 21 54 53 31 36 86 24 22 96 70 87 88 63 28 77 23 2 92 6 35 62 6 86 19 30 96 23 39 11 36 96 60 45 100 97 3 50 30 85 86 4 75 91 66 89 24 66 26 27 12 5 46 71 74 68 4 63 92 75 39 13 19 90 80 68 82 34 79 78 89 84 7 27 79 10 83 47 64 45 17 68 78 82 61 61 96 95 7 55 53 32 4 7 46 82 67 31 12 93
42 13 42 26 11 81 55 37 99 89 7 70 23 98 68 28 63 67 75 39 70 49 7 73 95 29 72 12 47 9 65 17 58 72 11 29 3 48 19 72 43 72 15 41 61 46 83 24 48 11 100 99 56 39 95 77 33 37 50 5 38 83 39 19 67 49 31 55 18 9 13 33 2 77 91 61 15 95 39 71 45 61 93 15 8 88 52 86 51 25 97 8 63 53 96 63 85 37 65 81
98 68 94 11 80 17 5 4 52 41 23 90 11 5 37 13 30 83 7 58 52 36 92 77 72 95 67 49 86 60 86 11 24 87 67 33 89 35 59 4 60 7 26 18 99 60 4 9 88 24 4 5 76 97 15 78 52 14 22 24 65 87 59 20 24 69 36 62 67 60 69 54 14 78 14 80 36 19 40 0 99 17 26 56 87 30 38 42 79 30 83 9 20 39 31 10 98 60 99 91
70 77 70 20 85 73 11 0 99 95 39 54 90 75 63 35 17 93 61 25 55 100 95 28 97 59 28 60 42 97 43 7 85 48 50 61 12 70 48 18 22 78 47 40 50 80 21 89 84 90 93 20 31 50 43 100 39 49 14 55 77 94 77 83 28 7 7 32 100 30 35 93 36 12 52 25 28 97 71 75 71 99 94 21 23 24 23 91 14 28 30 90 26 39 33 58 17 40 18 54
34 60 56 76 88 36 9 88 52 56 81 42 44 27 64 45 42 91 43 49 90 50 97 68 3 10 89 83 68 2 1 51 23 47 86 43 68 71 100 1 89 51 50 47 42 36 16 76 34 34 29 37 28 51 91 54 78 30 6 78 95 43 24 91 76 58 49 14 38 34 44 2 75 45 55 65 7 54 97 46 97 59 27 81 32 10 38 42 88 60 26 39 81 39 16 45 88 7 61 94
66 30 65 67 66 39 97 24 84 33 21 36 17 21 49 32 86 64 82 17 51 91 32 83 14 0 11 33 97 12 7 84 92 52 44 30 63 71 55 92 70 66 78 59 33 83 82 68 23 54 27 5 64 62 72 31 41 83 74 55 24 21 75 59 34 45 54 88 35 21 42 10 77 50 73 77 93 3 26 32 67 40 23 97 53 25 71 25 94 73 12 71 28 77 17 4 5 4 29 6
72 42 62 89 92 24 49 87 95 16 66 35 11 56 25 72 72 33 36 16 6 0 88 23 66 59 34 23 67 42 72 8 65 34 41 85 95 15 5 35 26 69 41 60 55 53 41 1 60 52 36 14 87 93 58 85 73 93 35 52 71 97 42 56 95 59 29 44 0 50 37 8 56 71 78 85 67 40 86 2 17 83 64 5 45 39 89 43 54 97 91 44 48 46 83 57 40 100 93 74
80 98 60 38 48 65 61 65 100 92 5 25 12 39 52 94 18 48 50 87 18 18 96 32 89 41 12 53 85 5 9 42 17 64 79 61 29 20 94 89 69 51 63 16 94 75 62 74 39 34 14 40 78 3 34 55 0 32 35 78 5 28 73 60 56 20 3 9 58 72 92 52 1 18 23 86 62 91 48 75 32 39 3 4 100 17 3 63 34 76 21 18 53 60 5 18 70 25 79 97
8 44 35 52 58 36 40 61 99 49 100 13 73 13 28 21 73 47 79 26 36 46 70 50 70 89 96 74 7 10 26 9 94 99 48 5 67 46 98 53 76 37 57 4 35 3 57 3 64 31 4 20 32 9 87 41 76 3 96 63 60 86 94 5 79 27 96 34 49 94 55 16 17 6 55 47 2 20 36 29 0 93 43 13 90 13 66 77 97 38 15 29 79 8 58 92 32 57 18 69
83 65 44 72 59 33 19 87 5 54 36 23 31 68 95 28 52 36 94 89 80 43 36 7 30 82 79 89 38 88 57 70 15 75 80 92 40 86 44 30 54 98 69 80 73 59 20 2 86 95 65 10 86 41 52 60 75 79 15 24 79 74 100 90 40 18 69 27 33 74 89 22 82 5 87 96 79 11 85 35 73 32 67 19 79 79 84 98 79 49 22 59 38 13 89 72 33 21 56 18
0 97 39 66 25 24 2 58 16 68 96 53 17 83 88 23 52 20 92 37 49 0 86 31 78 30 11 15 58 23 43 43 19 71 43 27 19 34 20 93 53 60 86 62 56 73 80 29 28 44 95 67 74 80 11 2 74 34 42 97 80 38 92 64 22 33 82 95 69 39 69 15 58 66 78 11 61 33 40 94 49 17 94 78 85 11 85 31 31 50 78 97 54 96 5 54 37 78 67 72
16 27 35 73 49 21 84 42 60 71 52 43 27 70 44 16 55 45 34 91 3 71 42 63 69 25 83 61 53 69 67 67 69 60 66 36 87 31 71 30 100 19 68 57 9 30 24 9 16 30 16 22 74 20 21 4 90 94 41 55 54 34 65 53 68 99 6 97 10 60 23 79 56 99 41 47 2 88 100 75 51 97 59 72 28 86 74 59 95 72 68 47 8 32 63 91 40 53 40 51
42 56 28 14 19 55 56 71 47 72 41 52 86 21 1 23 14 52 11 16 84 36 57 33 95 84 98 0 19 54 62 52 99 86 2 91 24 75 66 94 23 88 72 14 77 39 49 57 36 2 49 56 37 11 72 51 18 91 29 46 6 17 72 22 65 99 6 83 54 24 39 11 26 84 62 14 57 49 45 82 25 9 15 99 37 14 7 18 97 75 86 9 31 49 49 35 74 68 96 0
49 0 42 27 43 15 7 16 14 85 98 44 26 77 91 3 41 77 96 19 78 93 17 32 87 83 23 1 26 77 27 20 83 72 86 72 68 47 20 100 87 64 25 81 64 12 72 40 46 45 89 54 6 85 91 98 77 9 36 78 28 4 25 56 56 95 73 95 47 25 57 73 89 40 18 47 8 85 68 62 89 95 22 49 6 36 62 23 93 61 9 82 25 30 100 43 71 54 2 23
51 83 58 67 84 87 23 83 94 87 51 13 28 43 82 24 10 40 8 94 52 13 23 52 37 7 37 89 37 29 72 11 82 18 72 62 19 58 86 48 64 0 9 42 63 93 7 36 75 89 13 21 37 36 23 61 65 50 42 19 55 80 15 49 43 100 25 37 84 2 98 5 28 96 68 36 92 24 63 85 93 37 77 92 32 59 93 94 11 18 44 62 94 27 27 27 2 14 78 13
2 8 78 59 24 98 4 81 20 14 66 7 76 18 89 31 92 39 73 23 37 80 67 33 53 66 47 15 19 59 56 28 92 10 14 67 24 15 20 21 31 55 59 56 31 98 32 24 73 5 34 12 6 29 65 28 43 57 65 88 60 17 76 6 60 68 51 20 31 88 54 59 24 93 22 15 66 4 86 21 95 21 3 56 82 18 8 15 84 75 72 63 59 14 45 69 31 13 12 31
43 20 40 95 47 68 55 43 41 38 43 1 47 5 51 20 19 34 29 4 19 74 58 51 48 88 20 11 9 38 82 68 68 24 60 41 74 89 23 68 51 81 11 62 94 90 34 1 72 5 60 77 33 11 64 39 15 44 62 21 53 0 2 31 83 76 64 61 12 1 51 55 63 23 35 90 34 51 6 53 49 44 53 12 14 72 62 77 79 14 56 51 50 1 26 75 77 39 9 22
74 34 58 90 17 15 9 78 46 20 98 0 55 24 84 84 87 6 7 75 97 0 9 79 7 88 22 99 56 35 14 25 12 3 98 30 20 16 80 100 75 11 28 13 54 43 41 40 13 30 60 9 27 30 61 53 43 54 87 6 47 69 34 71 37 38 28 9 43 31 83 1 66 26 84 71 21 79 8 20 82 89 52 57 4 50 26 69 44 13 8 62 93 9 27 23 87 70 22 25
18 56 88 68 28 68 48 1 10 29 57 3 61 55 73 78 55 22 7 92 87 95 68 12 23 64 70 4 50 17 94 68 97 80 8 21 43 97 97 69 63 68 71 24 14 52 86 12 16 52 10 61 60 72 47 18 70 17 59 7 36 27 32 26 73 15 59 86 97 41 67 58 61 87 49 71 43 100 23 58 79 34 6 28 43 59 70 75 8 82 23 44 61 39 77 78 25 15 66 57
66 74 1 51 47 42 2 84 92 52 94 0 21 40 68 84 79 49 38 74 65 71 96 55 16 81 51 74 63 1 25 64 29 94 83 91 56 18 19 88 82 28 44 94 44 5 23 91 75 36 98 31 43 4 86 98 99 13 65 77 69 12 67 81 45 51 91 98 39 19 61 91 64 44 14 83 13 82 100 77 19 46 89 49 8 31 41 55 73 42 8 51 9 35 54 97 53 55 50 56
26 62 39 90 91 86 18 28 10 71 4 35 5 58 37 65 75 92 92 81 14 61 41 39 52 6 38 37 93 56 36 91 69 88 72 95 26 48 11 30 28 64 5 13 10 49 86 70 25 16 82 34 10 60 42 53 6 27 19 39 34 32 36 65 94 10 82 18 46 17 32 56 50 14 67 39 33 100 18 33 5 45 70 32 66 45 54 57 65 17 29 77 29 47 42 4 81 16 14 68
32 5 38 8 78 9 92 78 69 97 64 62 48 70 89 45 38 95 21 22 41 88 28 71 29 27 18 76 50 58 92 89 69 15 74 32 85 81 11 5 77 84 33 4 85 38 73 43 42 94 71 41 97 84 40 63 88 27 37 24 71 9 49 83 50 90 45 88 22 87 25 73 98 92 78 10 93 76 76 30 52 67 44 26 13 42 1 27 59 18 11 92 41 9 33 33 71 81 69 54
87 7 49 56 49 45 29 94 17 70 25 81 5 6 67 13 97 49 90 92 0 33 39 68 91 81 26 53 87 20 67 48 43 73 78 56 87 91 78 48 52 46 68 57 19 22 61 38 98 54 68 22 35 55 53 76 75 37 24 46 24 91 77 12 0 39 86 99 49 77 59 6 57 68 83 23 63 59 71 72 97 88 36 14 85 97 23 5 41 35 7 19 95 17 28 78 30 21 78 59
98 52 66 78 31 19 40 0 63 12 66 23 1 30 42 89 84 76 93 19 25 17 2 37 23 18 86 41 86 32 36 36 26 87 96 44 89 90 4 1 80 75 25 44 18 67 90 61 28 44 31 14 99 6 66 87 61 91 79 89 62 40 73 40 43 44 58 36 85 29 90 33 63 65 90 54 12 49 46 94 89 96 43 9 21 46 55 73 85 13 57 86 98 34 30 58 95 34 77 97
74 77 40 78 85 89 93 96 94 85 43 72 22 91 5 62 10 21 96 34 20 48 21 23 79 21 3 72 54 23 26 86 95 40 35 31 41 99 27 96 46 99 17 14 88 99 93 71 33 31 37 11 30 98 74 75 25 73 33 41 21 28 73 54 4 9 62 88 51 73 99 15 3 9 83 52 62 58 82 48 0 19 85 40 55 61 67 18 0 81 26 54 34 70 65 70 89 6 36 70
79 42 55 65 9 23 83 84 75 63 98 74 38 66 24 45 17 12 53 53 18 35 63 26 85 44 91 43 24 60 86 33 17 83 47 45 72 35 36 9 62 26 17 8 28 49 1 93 18 73 74 97 34 0 75 64 12 11 78 92 81 23 23 75 37 79 39 63 91 31 37 3 57 17 40 47 91 37 66 96 61 42 19 64 69 72 44 46 54 26 80 93 63 19 95 51 61 65 12 58
20 53 28 28 27 38 18 46 91 42 80 98 69 82 43 75 36 95 59 27 49 100 99 35 32 59 96 79 37 38 39 12 15 48 80 23 94 70 33 43 75 3 75 32 87 32 75 70 44 42 92 92 33 41 42 96 13 69 48 97 97 20 14 45 10 64 96 66 10 25 100 64 62 74 19 5 40 6 97 97 11 30 66 40 85 16 86 9 6 84 45 35 60 49 69 92 75 38 92 87
1 60 80 68 13 67 81 52 14 11 61 88 15 54 41 64 75 100 29 42 96 71 4 23 64 41 25 54 82 100 44 10 92 74 96 32 65 66 22 20 13 83 60 77 97 76 92 45 49 29 66 2 16 10 54 21 56 19 60 35 82 49 93 74 20 63 51 91 50 5 86 26 28 35 84 39 15 6 7 44 66 25 98 37 12 76 26 76 66 71 8 99 62 95 92 5 34 57 5 70
97 96 7 100 49 67 32 40 66 8 52 59 33 90 22 97 56 36 83 90 11 66 69 32 98 100 8 0 25 82 76 62 57 97 78 60 38 94 56 22 54 85 95 75 80 7 62 29 35 21 30 2 32 29 62 100 93 89 81 6 58 44 17 37 87 31 2 68 29 75 97 13 90 32 70 57 86 75 8 7 45 53 100 7 87 65 92 77 43 66 75 49 91 35 73 62 66 88 100 23
61 24 14 12 6 31 91 11 98 81 83 65 12 9 13 0 97 60 19 4 99 69 33 97 91 56 78 14 14 31 77 10 73 18 90 72 59 96 40 32 86 59 21 57 31 11 63 79 99 52 78 73 52 84 44 9 57 88 69 26 86 1 100 50 94 13 76 36 66 24 51 95 74 43 99 88 22 58 97 2 71 16 7 49 11 33 38 23 52 49 42 39 31 52 56 6 52 3 56 37
95 90 34 13 89 75 58 17 27 36 74 65 19 66 99 39 33 54 97 40 90 98 93 85 27 70 38 17 39 16 73 87 88 73 76 10 90 100 36 100 61 85 22 13 28 61 65 50 79 96 85 29 72 55 14 89 35 13 76 57 79 6 83 79 92 31 30 92 78 44 19 99 65 88 76 53 87 96 7 41 100 24 42 40 34 56 47 23 17 33 74 57 69 90 92 10 28 84 44 59
78 100 25 66 64 89 47 33 6 33 97 96 28 18 83 2 13 21 2 9 25 76 24 82 75 89 96 93 65 21 97 75 45 11 93 86 7 5 69 53 57 99 83 49 20 23 85 86 62 13 43 43 27 54 63 31 12 93 69 11 57 5 73 86 67 6 30 89 16 58 12 88 94 27 83 12 9 93 23 41 77 94 80 77 61 82 84 31 98 37 11 3 20 19 94 70 11 40 59 36
53 49 54 85 80 28 91 68 32 90 39 7 21 52 21 20 63 32 46 86 41 59 78 85 96 90 20 58 13 59 72 40 56 99 93 19 13 46 5 64 19 43 66 99 79 54 71 92 91 48 94 5 54 5 47 77 69 61 55 51 59 64 65 20 47 28 75 29 92 1 17 67 96 25 2 19 76 28 89 70 60 91 27 18 53 66 46 77 25 44 36 55 0 51 44 66 92 37 60 76
97 5 86 83 13 58 15 78 73 10 81 10 98 34 13 20 71 37 14 41 23 38 95 67 86 19 11 90 36 6 27 91 97 8 28 61 79 38 38 71 42 51 63 44 80 8 47 33 41 84 67 50 32 55 77 75 52 22 48 47 24 36 32 86 99 90 19 53 97 16 13 61 16 51 54 81 97 48 70 33 33 91 53 98 1 87 66 13 85 25 73 17 54 78 26 94 11 4 33 38
51 23 29 28 66 93 39 55 77 55 76 0 52 88 45 92 26 5 71 47 30 66 15 21 19 15 77 56 50 21 20 58 98 54 90 37 94 1 46 32 82 61 5 44 54 46 28 43 40 69 93 6 37 84 32 37 66 24 26 27 38 34 13 94 31 18 53 57 10 7 55 33 30 97 99 21 75 59 23 97 40 78 98 82 69 92 73 29 38 61 71 7 18 12 100 5 94 25 6 45
61 26 49 73 41 49 50 58 25 30 90 61 74 10 85 75 19 36 11 22 12 32 25 87 80 10 37 61 35 31 60 61 36 11 45 59 54 0 74 96 33 10 33 6 78 55 84 57 35 55 7 60 38 54 97 64 6 74 7 92 71 93 25 55 97 10 65 88 35 80 2 96 91 71 2 4 0 84 40 27 2 74 62 20 82 15 17 42 95 40 95 8 27 28 97 40 79 95 15 84
71 43 68 99 2 74 48 54 99 11 29 38 33 62 81 35 84 95 47 82 39 97 44 82 49 3 61 93 53 91 97 46 13 0 100 19 91 46 6 100 87 47 32 13 67 53 98 25 95 94 93 29 16 58 37 68 65 100 72 67 93 30 77 19 29 42 81 96 23 82 90 49 74 23 1 61 77 4 7 29 26 83 38 18 96 62 70 6 35 35 60 86 18 15 45 55 94 8 73 48
23 80 84 0 18 88 12 37 22 3 12 4 85 21 52 93 46 25 88 19 86 82 51 4 15 6 61 33 54 32 20 10 79 2 60 72 46 47 73 15 16 74 39 20 56 18 66 45 84 65 9 12 95 85 15 35 45 11 63 78 58 0 55 9 36 78 88 3 0 95 79 48 46 71 78 52 69 5 89 60 33 96 34 15 49 3 1 93 39 80 38 53 33 2 96 62 15 80 86 82
63 39 49 12 94 72 67 90 98 21 10 66 20 31 80 2 15 98 56 55 84 95 38 43 21 100 15 33 24 3 81 44 44 72 6 36 18 25 31 100 72 98 21 5 41 91 12 59 77 27 6 58 67 1 87 86 24 78 14 64 70 50 21 87 1 77 38 76 40 51 1 10 15 57 97 75 25 26 76 45 11 34 7 50 9 67 89 12 63 100 45 11 37 100 42 73 44 96 8 20
0 78 47 65 70 7 40 7 17 28 33 17 48 51 93 36 48 38 43 89 83 29 33 68 30 24 97 69 8 34 51 59 42 67 69 81 44 7 74 85 76 78 72 37 49 1 49 41 10 92 8 45 21 99 4 88 81 71 61 93 86 46 89 69 19 100 86 42 76 33 30 84 4 91 63 93 81 49 98 58 8 32 22 54 100 6 58 3 32 36 4 59 61 89 63 50 89 85 91 76
60 96 38 27 28 14 91 34 9 28 76 19 63 15 67 52 83 2 12 16 63 17 33 52 40 88 99 32 3 82 45 20 57 69 12 51 64 18 78 92 72 46 68 64 3 20 85 80 63 30 30 18 47 68 25 88 0 87 20 8 63 81 83 92 81 62 80 76 64 9 25 14 9 80 30 12 95 46 20 6 63 31 48 5 94 34 48 91 63 31 88 56 89 52 37 90 68 8 19 46
6 74 8 35 14 66 63 8 74 84 2 37 30 62 54 44 13 63 11 55 51 42 39 3 39 56 72 34 61 26 60 31 69 30 23 44 81 82 55 93 97 63 15 85 59 57 18 9 74 3 64 37 70 100 54 93 87 17 51 2 18 53 49 86 71 76 40 43 37 84 100 79 95 51 67 47 53 31 49 5 30 24 64 67 22 73 16 23 80 32 46 81 6 21 49 39 93 60 29 95
57 66 91 26 85 5 62 70 85 80 53 15 8 28 28 51 94 42 31 0 58 49 93 20 86 33 53 95 99 58 64 81 90 40 90 50 40 78 67 81 45 51 98 4 41 68 92 88 19 25 29 79 34 92 100 41 49 37 19 22 1 86 66 51 4 80 32 18 17 60 52 21 21 49 56 86 78 63 19 34 59 41 19 84 31 53 85 10 78 88 30 19 15 97 100 73 1 68 24 28
61 41 48 45 51 90 28 3 85 34 19 5 61 16 61 41 90 77 65 100 73 28 43 6 65 49 85 78 37 3 93 25 30 76 86 32 8 87 84 65 60 5 15 92 5 69 9 99 48 67 15 90 2 56 59 75 3 79 9 90 18 53 71 31 64 85 91 91 57 35 38 94 62 11 72 75 43 85 55 87 89 55 84 28 24 87 86 11 1 80 38 7 84 32 12 34 20 56 49 29
38 89 8 78 7 17 39 89 94 90 33 50 60 31 61 6 39 24 66 28 3 56 1 16 31 95 72 87 20 64 99 91 20 46 53 80 73 70 18 24 13 26 75 30 29 27 6 47 65 78 52 98 15 65 75 36 68 83 38 70 85 10 14 87 1 35 6 21 63 31 41 51 94 35 59 16 79 60 20 65 39 85 28 1 2 13 57 55 78 98 67 99 20 0 20 37 41 52 73 98
61 50 87 32 46 18 6 51 28 83 38 43 23 83 25 20 67 5 65 72 27 3 92 30 90 55 93 69 15 63 80 59 96 56 67 1 74 67 100 38 56 82 45 32 21 61 19 2 32 66 94 66 100 47 14 72 64 59 19 27 39 63 98 31 2 22 17 68 7 55 29 14 21 18 81 9 72 46 3 35 44 13 52 19 38 67 63 56 54 5 24 37 80 48 47 22 66 7 42 91
63 79 61 66 19 41 6 94 42 98 60 74 75 22 2 8 49 64 19 46 0 16 21 30 95 99 65 64 46 36 93 86 43 98 6 32 90 32 8 21 10 55 70 95 33 98 76 1 16 61 6 46 7 82 96 30 37 34 47 31 97 59 99 71 28 29 90 27 66 64 94 4 43 8 90 59 52 58 40 74 28 2 29 43 99 10 80 87 69 73 66 100 37 100 42 31 79 20 15 76
10 91 56 82 16 58 24 16 77 89 26 55 79 36 58 72 21 56 82 7 22 50 82 58 15 50 41 13 87 96 75 73 66 94 100 14 75 8 19 8 41 97 13 0 16 76 81 91 2 97 42 27 3 52 14 69 25 30 83 3 13 41 29 59 24 11 50 35 71 59 90 17 59 88 32 75 25 6 98 24 47 15 63 9 5 15 98 20 59 58 73 25 99 61 98 37 25 7 99 39
94 2 85 41 6 16 62 31 97 19 9 51 0 17 76 31 45 64 99 15 93 45 97 3 93 6 96 24 89 36 0 4 51 28 59 35 29 25 45 74 25 8 38 99 54 29 34 54 30 39 37 21 11 74 65 97 90 50 10 100 68 32 41 82 12 67 87 42 17 79 91 80 67 82 100 80 1 24 33 47 5 31 86 94 11 98 78 7 41 30 49 56 50 99 48 95 100 95 19 59
19 49 63 47 15 10 10 56 41 42 40 17 36 80 21 85 13 42 61 71 97 35 31 49 36 12 18 52 76 73 62 25 36 48 43 100 66 84 27 13 74 19 32 99 59 12 41 87 81 59 7 29 45 96 79 8 3 15 71 40 67 79 3 40 14 48 83 65 69 20 21 43 95 68 93 23 0 33 55 10 48 82 100 27 50 35 87 16 71 44 87 35 68 77 30 30 2 14 32 23
86 51 51 65 57 28 40 65 85 6 11 69 96 90 51 80 12 56 12 99 5 83 63 56 56 9 18 24 18 21 82 52 84 36 81 12 11 28 95 55 34 79 89 49 59 19 89 15 33 58 60 33 10 71 74 68 70 78 100 55 90 12 36 80 74 53 69 87 7 69 18 53 89 84 44 31 93 50 13 28 31 67 95 14 22 40 12 41 65 90 58 77 9 56 55 83 32 29 69 5
3 9 18 8 97 32 91 7 37 25 73 87 65 38 94 44 26 49 28 88 36 57 49 58 48 39 41 60 36 25 37 71 76 54 74 47 10 3 65 64 35 25 87 74 28 96 67 28 37 84 64 50 3 83 55 15 35 96 69 19 95 69 22 37 48 80 23 95 84 52 12 34 96 70 79 38 62 96 96 16 56 67 37 56 61 70 58 76 100 54 88 49 81 58 19 26 44 16 83 25
85 10 84 21 51 13 7 32 62 6 10 80 88 7 46 23 93 78 43 32 12 10 55 13 67 52 73 75 52 19 45 45 89 38 71 92 42 76 47 89 98 37 65 32 41 47 34 59 37 15 30 37 40 70 20 98 93 51 57 41 59 83 72 16 45 8 5 1 66 49 88 86 65 93 19 70 33 47 42 90 19 40 54 57 30 82 7 75 19 48 37 44 14 0 6 83 16 33 85 98
6 52 94 14 34 25 82 55 23 27 25 52 81 77 83 47 36 28 70 86 51 4 21 95 26 63 42 15 25 49 18 63 94 51 63 82 3 59 92 8 18 63 27 79 64 2 71 17 2 6 90 69 69 90 100 1 45 67 51 50 5 33 69 58 83 95 26 82 9 81 28 60 77 20 36 45 69 46 17 55 1 40 12 86 80 74 93 46 1 68 2 6 50 9 46 84 42 69 54 18
66 55 80 67 47 35 28 93 91 14 10 55 90 13 40 7 93 40 21 85 76 81 51 83 36 15 19 44 9 100 91 68 87 80 54 81 42 51 3 4 68 47 49 72 41 27 86 21 3 83 27 74 93 64 33 95 9 52 8 35 31 68 53 98 4 81 2 95 34 34 84 14 28 83 65 38 7 56 25 89 86 25 34 53 51 61 95 23 69 27 58 32 5 36 1 21 18 14 90 14
30 78 76 0 43 40 78 30 6 11 47 27 55 22 8 84 88 43 18 86 8 85 31 9 21 70 94 42 49 56 78 48 27 41 76 54 51 45 53 66 42 88 13 18 30 100 62 87 61 57 15 22 70 81 66 95 17 93 85 44 88 85 81 68 92 38 32 99 87 74 29 60 36 80 50 98 31 12 76 63 92 70 53 97 16 82 46 16 1 32 39 40 23 47 61 75 22 47 40 3
49 68 93 75 45 55 51 29 70 46 14 80 3 6 40 46 18 6 30 68 100 12 84 95 65 28 83 66 64 44 0 95 53 6 8 98 79 27 28 72 6 64 69 59 51 17 43 41 33 62 82 62 4 65 11 91 43 54 44 1 60 96 60 70 10 66 6 50 12 72 28 85 31 16 0 33 59 5 3 39 58 7 17 24 63 95 12 60 51 63 100 39 9 27 62 17 11 47 44 54
87 46 33 4 59 86 92 75 11 7 34 27 34 12 16 45 56 68 27 26 23 99 8 83 69 10 56 65 95 46 65 81 66 63 75 10 7 61 32 74 42 68 100 1 25 33 26 33 62 6 63 89 71 25 90 38 5 29 8 92 58 77 76 23 89 63 100 45 72 26 44 4 52 72 82 5 56 43 37 93 85 62 2 72 4 75 86 11 63 8 25 41 18 2 2 12 2 85 75 59
94 67 65 2 87 78 51 74 35 65 20 5 57 40 22 22 45 96 15 16 64 14 52 41 29 29 83 38 21 54 76 48 98 72 54 51 36 24 26 73 99 86 15 39 75 99 89 99 11 12 73 45 44 86 23 96 66 4 85 67 38 45 16 27 83 83 5 57 48 20 67 6 89 6 51 84 57 33 31 64 16 42 82 33 17 42 44 80 17 40 40 33 82 16 75 7 88 6 73 10
32 73 71 22 37 57 51 86 19 11 63 95 71 66 59 65 95 0 61 82 4 1 35 51 57 95 92 75 13 9 80 65 72 23 1 4 66 43 83 40 29 85 46 43 66 32 12 92 93 98 54 11 66 89 7 76 95 84 55 87 38 69 19 100 46 14 83 64 34 35 59 80 14 71 8 15 55 86 95 77 98 83 16 64 7 92 56 48 49 43 94 32 35 80 25 59 65 13 72 41
89 47 40 54 96 45 61 1 54 8 53 70 98 89 3 16 7 42 20 57 21 15 25 74 81 11 96 95 49 45 22 58 13 82 55 56 14 83 85 81 58 28 75 24 50 70 26 70 98 23 82 23 56 18 16 6 16 85 39 66 52 44 41 42 52 33 6 94 35 52 87 48 56 72 0 95 45 40 72 80 36 57 95 36 92 82 48 65 37 91 73 18 29 54 99 18 73 37 87 91
14 91 54 94 30 5 15 59 91 1 68 43 74 12 50 60 77 16 71 29 85 75 29 15 83 35 63 14 70 5 6 97 3 59 95 20 0 79 77 25 37 69 14 24 63 28 8 25 77 34 52 80 50 72 52 3 4 2 81 81 77 40 38 34 79 88 88 49 60 57 83 29 29 59 86 15 51 7 13 81 0 98 45 98 89 58 46 50 52 85 62 80 95 43 48 36 58 69 19 3
65 12 42 4 99 60 6 66 96 66 98 94 12 27 49 18 60 33 96 61 51 13 100 74 64 65 25 58 28 66 31 15 87 58 92 81 96 69 21 25 33 76 9 90 50 55 0 17 85 75 67 43 42 23 78 39 71 49 12 3 54 86 66 9 48 86 25 65 17 41 52 100 7 31 12 5 17 92 20 64 14 17 73 12 50 45 2 95 100 9 7 14 2 77 41 65 63 72 66 93
17 37 26 0 12 83 91 61 9 10 16 49 15 75 48 13 59 96 31 95 25 21 25 90 83 32 64 4 27 63 17 84 90 99 22 49 46 84 42 63 0 97 31 11 73 43 87 13 24 93 54 95 53 32 94 42 40 10 11 79 97 38 37 45 46 92 25 88 15 32 97 10 78 49 24 76 10 1 7 45 50 67 97 45 74 17 57 72 4 50 46 35 66 21 84 47 16 72 64 83
8 95 29 46 49 67 12 25 81 43 97 13 5 20 48 42 27 20 84 89 31 81 98 37 11 97 56 35 47 64 12 7 25 29 84 15 12 77 37 95 94 85 60 4 57 9 12 77 72 9 15 20 55 3 5 26 44 7 65 75 65 94 53 83 65 90 0 4 81 95 38 42 77 89 33 84 89 41 8 92 27 78 72 9 44 65 95 64 48 44 56 34 16 66 96 16 32 1 32 95
84 88 59 72 19 36 97 79 53 57 95 70 47 47 68 86 37 19 20 97 33 34 33 79 72 87 44 6 98 34 95 19 32 14 43 39 2 54 90 19 70 75 79 73 31 42 58 82 15 23 85 29 9 41 78 83 72 74 89 19 86 10 58 38 12 70 100 28 48 22 1 26 71 63 29 96 100 52 48 17 37 47 98 48 6 29 68 68 14 38 23 70 11 87 18 19 14 77 75 59
25 95 43 25 21 80 18 88 59 22 76 24 70 29 53 11 91 19 24 56 62 100 35 45 70 87 91 40 71 89 51 33 55 88 29 43 3 20 29 40 67 17 42 13 68 73 16 92 40 42 89 15 30 76 13 26 76 50 64 60 46 26 40 53 36 61 96 49 98 84 26 99 99 87 15 65 32 11 26 5 57 23 61 1 31 73 81 75 0 17 92 43 3 71 56 86 68 78 9 43
86 15 40 16 67 70 27 6 42 55 27 22 7 78 52 23 38 69 87 98 11 63 37 33 21 13 90 37 29 35 69 59 61 73 13 99 8 57 21 84 16 30 48 18 13 7 85 44 1 57 75 41 4 49 55 81 88 6 7 41 97 63 74 42 76 43 60 96 5 96 69 8 46 78 41 17 71 44 69 2 13 63 2 52 16 60 77 2 64 99 32 68 31 51 19 24 66 8 68 72
62 14 96 89 73 90 50 4 96 78 61 2 62 65 46 51 61 13 69 40 36 64 75 98 45 92 73 88 100 48 61 66 34 19 96 14 85 86 75 71 60 38 44 16 0 45 88 17 83 4 28 5 39 61 41 27 1 92 100 87 60 60 96 85 23 90 37 52 88 18 18 91 15 69 32 98 7 80 12 44 90 33 71 50 99 87 33 3 17 63 40 24 16 21 100 14 40 13 93 89
78 38 34 82 88 92 89 12 69 33 30 90 78 30 64 69 35 52 3 56 66 21 22 65 72 67 71 67 87 71 92 10 97 78 9 92 60 95 75 77 80 41 93 0 55 41 35 28 59 8 50 34 35 82 76 23 74 44 12 6 65 100 57 44 30 22 70 99 12 36 77 90 39 0 32 52 13 55 87 19 2 81 96 3 48 90 56 53 50 13 90 35 29 31 11 22 41 41 87 13
40 41 14 56 9 84 39 69 71 16 41 15 11 78 24 81 39 36 0 56 72 100 72 1 64 72 11 86 78 75 95 13 65 4 96 36 44 71 19 27 41 22 34 67 3 38 12 60 12 75 40 100 98 8 62 20 75 19 63 16 10 25 47 38 79 31 5 45 77 81 74 33 38 38 48 31 94 81 60 62 89 11 75 27 8 88 53 17 59 20 55 26 94 76 100 95 56 98 98 85
32 17 32 34 11 32 11 75 51 12 26 34 97 96 2 13 3 60 67 20 71 49 73 44 85 66 93 21 79 26 87 3 57 88 56 17 63 52 13 56 5 43 96 7 65 78 78 53 45 33 94 79 22 94 44 17 42 89 3 74 64 1 22 77 38 76 23 68 81 55 55 73 51 52 33 29 55 8 3 49 39 81 40 73 69 34 60 70 80 48 80 0 45 58 79 52 89 84 4 65
66 88 40 24 45 5 33 5 48 19 64 46 57 40 49 90 12 85 100 37 88 49 51 86 0 85 47 11 2 7 97 15 47 20 84 58 93 65 24 17 17 50 91 88 35 84 59 1 54 54 12 34 83 39 83 30 0 95 93 60 53 91 76 75 82 54 63 11 84 24 10 73 81 86 99 99 5 81 90 33 3 25 64 35 90 49 99 60 44 40 71 57 4 91 31 79 13 4 21 36
37 100 80 65 92 66 22 26 12 92 39 59 66 97 72 31 34 11 63 65 35 28 41 87 99 52 63 59 18 39 97 94 61 47 42 10 16 99 28 37 64 76 86 24 50 82 97 58 12 19 22 16 3 90 32 45 100 99 79 2 88 98 59 44 48 57 100 15 60 13 65 85 33 41 11 81 8 90 21 73 73 91 13 91 41 48 34 85 74 90 27 10 93 98 82 56 92 60 42 99
71 93 31 100 44 67 71 28 1 73 15 68 97 71 34 96 72 97 36 8 43 46 13 36 63 25 82 18 1 65 56 75 66 5 71 42 0 12 2 7 86 22 11 9 60 81 52 75 14 91 19 57 9 25 17 4 63 56 4 70 85 55 51 6 36 1 2 15 53 40 27 59 100 58 17 4 42 93 79 91 40 44 14 33 12 15 26 84 46 63 97 5 15 1 16 32 85 21 41 95
8 75 95 73 51 40 42 88 1 91 51 73 66 54 10 49 93 78 62 16 61 16 48 26 60 100 21 82 52 10 31 67 9 82 43 23 15 59 77 88 31 20 37 49 9 30 75 38 9 3 29 71 97 11 67 36 77 94 19 100 98 91 1 80 73 13 82 44 73 9 99 29 22 29 99 86 59 80 21 35 48 24 65 28 54 51 26 99 27 54 27 37 87 61 21 67 96 90 81 2
57 13 62 93 73 37 33 56 2 95 19 71 64 68 20 82 75 69 17 51 33 11 65 48 87 34 33 95 3 19 9 28 72 84 72 37 92 35 59 26 96 20 3 1 12 25 72 61 24 36 26 27 16 0 53 3 85 44 13 68 63 93 49 16 29 55 23 46 97 55 96 44 84 25 78 50 37 21 77 56 81 45 48 63 81 51 100 6 52 87 51 75 62 98 75 40 14 95 33 44
65 49 24 74 61 65 10 25 17 58 76 91 90 9 21 44 68 56 70 69 42 18 40 54 86 65 14 20 27 1 49 8 31 17 78 0 90 39 75 49 35 62 60 58 89 98 74 95 66 65 45 66 14 84 51 18 85 83 25 84 46 29 81 83 95 78 3 91 4 24 66 9 88 19 45 4 8 96 65 49 35 59 41 61 95 91 13 29 59 100 78 54 61 37 56 86 70 89 18 0
87 63 30 95 35 54 17 96 98 96 51 3 61 60 6 18 71 2 62 37 5 76 80 23 96 80 29 6 54 84 53 86 60 69 70 90 13 82 47 33 74 66 49 72 53 2 48 32 47 43 71 25 77 67 80 89 83 29 73 66 33 73 24 50 1 0 33 71 50 17 69 31 26 80 11 44 96 28 62 37 25 97 19 47 35 66 18 39 39 83 25 38 68 40 68 23 83 35 71 29
21 37 36 25 41 74 60 76 95 76 82 95 35 78 17 95 65 11 81 76 95 82 63 3 46 69 74 26 20 11 48 1 89 85 82 46 98 41 16 58 87 44 69 20 53 63 29 92 67 69 1 50 69 59 39 47 65 36 16 20 36 63 6 67 98 74 3 87 32 51 54 54 39 73 37 26 76 36 94 31 48 54 87 5 77 34 47 54 56 43 27 94 71 60 71 51 15 88 38 82
