72 96 34 71 33 69 58 0 7 50 42 84 54 94 75 11 35 40 79 15 26 3 3 90 38 93 27 98 80 93 67 99 22 76 32 2 98 12 30 70 21 71 46 34 76 43 32 50 63 100 35 82 86 47 79 91 76 86 51 7 11 25 6 88 92 12 4 73 28 65 50 68 21 77 77 13 45 10 9 68 89 37 38 44 32 78 55 80 71 30 93 74 85 58 98 31 100 43 11 28
82 13 82 18 97 96 12 92 30 30 68 96 65 22 6 85 32 89 31 72 23 84 100 1 41 61 44 82 6 1 88 64 52 2 97 40 90 58 71 37 40 2 3 3 73 85 81 82 90 35 50 69 38 70 50 74 59 77 63 75 34 73 7 82 10 3 18 86 79 34 18 0 0 2 78 28 91 83 14 7 64 19 73 61 98 35 13 16 52 21 38 27 69 77 32 47 60 67 82 77
55 25 2 7 73 21 94 27 85 44 60 78 84 42 90 30 62 7 69 99 4 67 100 1 68 52 97 88 100 71 83 77 39 56 83 3 63 5 12 59 51 42 46 27 27 34 75 79 55 27 61 91 83 78 3 78 11 54 96 69 87 52 25 10 19 18 8 28 99 8 46 83 7 37 58 91 16 99 46 65 82 86 8 30 62 12 48 66 99 21 50 98 25 8 32 49 45 0 99 98
44 94 99 19 70 83 30 40 15 76 40 79 52 47 5 2 54 18 68 39 96 74 66 100 57 88 6 35 3 89 48 73 80 25 99 69 0 2 3 57 44 25 10 53 93 11 22 8 22 11 30 77 21 32 49 96 40 14 36 35 11 87 84 44 80 52 85 7 50 43 1 1 27 28 67 73 18 11 99 11 40 65 57 32 69 69 91 100 52 63 32 15 2 95 71 62 98 41 20 65
83 88 41 97 66 34 48 14 48 14 34 9 2 19 71 33 49 29 20 28 57 35 57 61 42 86 82 95 54 12 39 80 97 67 92 34 94 39 5 83 67 74 54 12 21 31 14 83 16 58 26 47 9 7 43 31 97 73 25 0 85 96 33 80 98 72 93 80 5 52 70 86 76 57 55 48 9 92 86 23 9 69 31 54 16 40 98 4 66 75 48 91 83 27 30 85 51 9 51 96
70 62 34 14 54 88 84 74 27 90 8 36 70 89 43 78 53 87 99 97 62 86 78 40 81 100 62 14 38 78 31 76 37 39 65 81 97 86 20 58 20 95 16 20 73 62 23 30 94 4 0 5 79 67 43 13 71 23 25 66 31 95 43 63 98 88 41 71 62 40 73 71 20 75 0 24 99 70 56 22 69 59 70 34 72 51 91 11 2 13 32 94 90 54 90 19 84 44 91 31
60 12 19 8 99 54 27 93 5 53 12 48 64 37 59 82 14 62 65 97 97 51 96 52 71 17 63 94 48 100 11 98 42 31 57 32 54 41 91 1 76 81 3 77 61 30 69 76 60 18 85 60 13 10 4 63 2 19 36 0 77 9 98 7 62 32 62 14 18 26 36 29 40 47 35 17 65 84 2 27 39 18 68 30 17 32 95 41 19 0 35 7 39 8 89 99 46 83 36 68
30 23 50 4 52 58 99 1 19 96 85 15 38 17 2 49 51 49 1 61 42 82 40 85 42 60 34 54 58 3 81 0 49 17 64 63 64 45 19 2 100 23 2 41 99 21 48 3 44 66 31 11 33 60 45 28 45 91 60 36 3 94 92 29 85 81 6 82 100 77 70 53 88 15 20 52 47 69 87 87 13 93 42 26 45 3 6 39 22 40 44 43 53 43 0 60 56 7 46 9
85 64 86 19 62 64 25 90 70 28 16 78 37 60 53 77 32 82 84 62 81 36 20 23 100 44 72 97 76 43 0 0 64 79 52 27 57 13 52 90 95 46 26 16 62 56 71 90 84 74 35 90 64 98 78 77 1 44 57 40 8 52 56 50 70 74 10 58 88 41 60 47 85 43 7 25 63 27 50 64 57 67 34 15 90 41 51 42 13 35 23 47 69 50 1 0 41 37 81 44
26 48 18 74 94 91 47 16 22 12 17 12 3 50 10 10 26 92 52 84 71 87 55 12 2 57 41 72 28 44 14 88 77 67 59 82 79 44 86 35 22 62 99 3 77 37 64 77 80 7 12 17 41 76 43 64 27 97 29 60 87 83 33 63 30 58 21 5 88 48 76 38 0 65 100 59 72 79 66 1 71 89 74 22 21 18 87 67 71 83 91 42 7 81 0 10 81 37 2 8
54 61 10 14 15 88 30 4 0 89 84 35 21 6 36 69 59 57 61 10 31 71 85 33 60 70 0 95 87 93 31 10 39 68 73 7 86 81 41 44 60 14 67 25 45 4 74 4 9 49 40 93 48 39 8 67 25 29 60 16 87 23 14 34 85 98 82 53 74 55 98 75 20 15 57 1 87 32 0 65 17 93 62 9 4 83 5 29 26 84 22 85 20 43 55 8 39 98 97 95
6 24 98 17 5 39 66 80 34 98 34 42 28 66 52 89 83 40 96 56 78 51 77 13 98 44 46 21 39 10 32 19 56 21 79 21 51 36 10 99 100 73 41 18 58 3 89 73 70 35 98 63 91 14 44 16 81 36 53 70 98 33 26 63 43 16 74 49 15 21 3 78 92 91 53 28 1 16 82 65 40 69 78 71 79 40 59 50 12 92 19 51 51 58 17 62 11 68 40 6
21 26 81 32 14 48 94 5 83 56 88 49 1 74 58 51 61 74 53 41 41 70 62 94 83 3 20 67 65 83 43 77 95 86 76 41 51 58 41 53 65 65 25 79 60 94 15 28 3 24 92 100 25 37 81 23 31 100 18 23 87 23 81 84 43 92 81 85 63 79 60 73 54 20 98 49 82 31 13 68 84 62 13 97 28 18 24 43 30 74 34 62 100 93 72 91 65 7 21 100
93 65 92 45 43 66 96 23 91 32 24 5 6 36 61 38 60 87 1 83 43 30 61 50 77 73 35 92 21 60 60 43 65 30 27 89 46 25 82 63 97 3 65 8 5 12 62 48 54 42 48 99 22 50 13 15 45 98 63 79 25 64 18 4 73 99 32 99 77 53 77 8 36 91 9 20 21 52 44 7 6 88 34 40 64 3 77 83 24 81 71 43 75 19 76 16 77 70 38 44
88 96 59 51 50 24 31 40 81 45 44 48 13 12 33 28 80 94 38 80 85 51 84 48 52 35 46 81 88 12 76 1 11 85 47 30 32 16 18 69 78 36 64 62 66 81 23 5 68 67 45 38 30 21 47 53 20 93 5 85 62 62 52 98 57 13 54 52 77 34 85 68 87 29 24 97 16 66 24 18 5 50 28 26 24 21 43 30 80 47 46 22 40 70 16 63 26 15 19 15
67 4 48 39 2 88 35 31 85 73 84 86 78 26 74 46 46 42 15 16 89 14 76 6 38 37 0 41 62 3 42 42 60 55 14 5 6 62 17 24 47 75 36 28 33 52 95 49 72 44 99 65 74 39 56 23 56 0 72 68 14 9 59 51 79 34 31 65 87 26 70 11 50 19 59 48 19 41 50 45 86 79 30 67 77 15 71 85 94 57 43 20 3 17 38 88 100 55 62 59
58 85 13 47 78 1 68 79 52 84 52 83 62 36 37 10 80 50 63 5 49 44 6 1 22 58 20 68 23 67 57 42 21 64 78 94 6 85 36 21 52 10 78 8 2 27 20 80 78 41 14 64 83 37 64 57 53 28 73 22 12 38 92 62 1 49 67 94 69 85 93 32 44 26 38 8 35 73 60 97 51 25 89 13 73 61 81 47 6 53 34 72 38 27 92 4 44 40 88 74
5 94 80 78 93 79 5 99 0 47 8 38 31 41 31 26 51 97 33 19 80 18 72 16 76 48 97 85 14 91 41 13 11 59 6 12 97 47 23 21 87 19 20 66 82 78 66 99 78 80 15 5 11 12 54 66 91 94 12 15 33 36 21 53 23 79 13 74 93 7 74 3 98 16 57 87 93 67 37 3 68 75 71 95 26 40 83 75 91 39 92 26 34 68 41 44 43 61 36 48
60 38 70 18 87 5 5 2 68 2 31 68 30 33 27 54 35 87 83 75 56 6 6 2 16 2 34 69 25 95 49 30 8 36 49 53 98 80 83 50 88 25 18 42 13 73 87 82 25 72 1 13 78 36 31 87 44 21 20 87 24 71 31 14 62 83 39 60 31 70 75 54 100 22 98 65 80 67 79 52 1 82 63 8 30 41 34 81 9 38 61 65 17 52 73 33 73 77 51 60
2 16 38 28 65 98 99 47 65 12 42 42 28 20 57 6 20 54 41 66 68 97 6 93 42 58 81 62 17 23 67 23 38 49 35 45 41 45 77 61 24 94 1 30 70 31 39 16 2 76 11 41 32 89 76 83 24 41 75 42 58 85 72 79 94 83 36 11 80 12 35 22 25 80 14 42 62 21 84 66 95 95 65 10 10 59 36 31 70 75 6 35 29 57 21 98 69 8 90 90
48 7 96 17 50 29 91 89 24 63 98 37 7 85 44 62 78 75 40 57 8 33 40 39 56 83 75 74 39 87 90 54 86 70 90 74 79 90 20 93 48 4 7 19 56 34 13 86 42 19 16 36 28 76 29 40 18 55 17 5 31 94 72 97 15 42 77 16 26 51 42 15 29 93 22 50 41 65 6 5 72 30 67 72 77 28 16 30 29 15 27 7 15 27 91 25 82 33 10 52
72 96 34 25 96 9 2 87 32 2 94 87 23 67 75 44 77 42 36 66 41 45 6 100 39 45 15 63 30 84 7 73 79 35 9 25 25 37 73 11 78 4 75 71 6 58 33 40 32 88 77 20 87 37 95 62 52 82 35 43 48 86 61 90 31 8 4 34 88 56 46 29 87 12 46 72 88 40 95 63 36 80 41 86 13 31 93 24 96 51 42 26 19 53 100 46 42 40 94 37
20 93 87 41 74 64 76 59 21 96 6 73 58 41 22 32 95 43 73 6 88 68 14 26 74 68 19 84 85 31 32 63 67 49 32 96 39 43 92 15 30 66 22 84 62 64 1 64 91 57 9 13 56 42 74 44 13 10 87 77 15 2 31 22 47 65 94 25 82 64 57 92 39 6 27 47 88 70 96 58 91 16 35 94 48 34 4 90 99 89 84 91 74 12 66 79 77 82 91 94
72 36 49 83 100 9 83 10 5 0 2 51 3 49 85 91 82 60 32 5 51 73 47 76 48 78 21 56 38 61 69 58 8 25 39 79 13 73 19 20 64 4 69 50 20 42 71 21 77 98 87 99 63 33 16 94 16 79 27 75 45 67 72 97 42 99 95 60 14 44 86 60 11 25 28 68 99 31 43 43 76 42 12 55 8 48 5 87 54 39 98 38 7 58 55 3 74 12 74 83
49 93 37 63 57 38 62 84 29 83 14 61 47 78 61 23 62 37 84 71 76 18 15 33 55 84 67 47 49 58 87 49 46 31 37 42 98 49 43 59 95 15 96 18 59 37 53 50 7 22 62 32 12 64 32 24 35 52 75 59 31 51 36 41 33 78 86 29 63 55 39 19 22 59 10 38 57 70 96 75 80 4 58 4 89 45 68 24 10 8 21 4 24 68 74 17 94 20 27 34
32 15 78 75 0 69 9 90 99 41 32 22 8 53 6 41 25 39 26 15 23 20 85 81 88 37 67 27 76 20 37 63 11 29 1 42 43 18 67 86 64 31 32 16 78 32 80 27 85 74 69 68 51 22 5 45 10 49 80 66 44 30 33 28 77 55 86 37 52 70 92 57 99 67 49 67 59 26 17 13 71 20 64 89 63 62 22 71 39 25 39 70 17 67 15 2 49 60 68 7
45 17 77 29 13 46 81 30 51 59 37 77 13 9 85 86 16 69 61 10 17 54 64 56 23 94 89 22 74 30 4 67 19 47 34 93 86 92 79 23 5 58 7 39 32 46 68 0 62 16 69 20 12 87 69 59 54 31 71 76 46 42 24 33 15 49 70 56 100 43 59 78 6 62 97 45 2 87 80 7 94 97 72 25 79 51 19 27 64 48 75 89 66 56 75 69 15 11 55 24
54 54 48 5 14 16 90 6 37 67 85 42 5 49 73 30 2 36 53 30 34 8 41 30 23 57 72 92 4 14 94 94 48 37 11 18 30 11 64 70 56 21 7 54 37 83 45 64 78 79 55 14 34 60 81 33 64 39 38 55 77 65 95 75 5 90 89 15 41 84 24 89 71 53 13 0 45 87 30 24 65 27 18 54 37 20 56 28 15 29 67 9 96 91 80 15 10 93 12 45
81 32 18 50 87 68 14 0 20 32 0 89 70 38 27 99 53 85 98 41 30 57 95 36 44 22 29 54 70 22 78 28 91 41 82 40 29 80 62 68 83 38 31 75 3 81 26 4 68 65 35 45 52 32 15 69 50 46 61 3 13 47 100 40 100 18 42 6 6 1 46 89 58 53 4 59 13 58 81 75 41 81 59 91 72 55 19 50 61 82 36 83 61 94 71 33 38 100 63 56
33 53 68 50 97 84 72 80 21 39 53 79 96 97 44 22 59 17 99 47 3 36 19 12 14 93 74 37 85 71 48 12 96 24 78 54 95 68 84 42 43 19 36 1 61 75 85 99 42 51 88 24 78 29 53 42 66 29 32 36 67 64 99 18 30 38 87 69 92 94 85 18 22 38 41 65 33 79 31 74 65 35 37 93 38 32 83 35 76 35 85 75 51 69 98 23 59 43 45 3
37 36 45 69 85 21 79 100 45 24 48 92 86 3 73 10 86 48 45 36 71 78 74 81 55 73 94 19 14 16 97 58 6 54 37 34 53 33 48 94 13 10 66 70 81 25 68 34 63 96 82 31 26 78 44 57 67 3 90 4 52 81 98 75 1 67 26 9 74 73 10 49 42 44 72 4 76 42 31 38 91 71 39 43 16 59 71 91 87 92 80 92 13 3 92 42 32 62 33 7
55 45 27 98 48 54 100 10 54 19 31 84 50 2 37 0 87 32 57 62 18 28 97 82 3 88 53 48 5 32 97 30 54 53 96 5 82 81 60 46 10 28 35 70 22 37 3 51 95 93 44 27 33 90 16 47 14 40 12 20 70 70 86 36 44 78 63 62 30 19 26 6 73 89 70 97 31 6 66 78 72 23 0 96 90 37 40 47 45 37 18 90 96 22 89 52 37 61 87 33
51 98 47 75 50 1 61 38 85 54 53 1 94 34 8 36 31 71 51 66 41 72 19 47 20 79 68 79 87 15 10 22 51 59 9 89 75 65 86 0 48 25 8 98 40 5 77 80 77 87 12 52 36 38 42 81 91 41 79 62 61 1 42 50 47 26 41 1 66 6 80 24 24 80 7 73 62 17 71 21 86 21 23 74 48 33 19 16 71 94 86 50 70 0 0 18 44 71 95 76
11 26 89 51 75 71 74 70 22 62 35 53 2 89 99 24 76 0 35 59 1 69 71 62 100 33 8 77 80 99 31 10 63 89 60 88 65 38 41 78 72 50 85 6 34 53 50 22 36 52 52 19 91 10 84 10 48 13 71 61 7 54 5 60 81 35 50 92 0 99 98 49 4 97 41 80 19 43 27 26 51 73 34 57 59 68 47 44 46 96 94 8 41 71 10 47 60 8 59 48
90 10 46 99 33 45 55 91 77 28 11 65 85 36 73 16 87 65 99 31 95 8 34 23 53 95 72 61 63 68 25 92 36 16 24 49 33 88 86 29 55 17 54 91 30 73 25 51 14 46 71 5 63 54 24 89 92 77 88 33 39 86 46 83 56 52 41 51 99 94 55 12 50 96 38 40 19 68 17 38 63 46 65 60 12 70 65 87 66 66 0 37 51 27 92 55 65 97 29 10
52 36 40 41 23 65 1 87 8 68 58 78 47 36 58 82 71 89 88 63 40 77 39 6 8 4 80 62 1 75 46 22 91 29 37 74 57 91 76 42 53 50 55 66 80 78 66 26 94 79 72 62 16 27 7 51 64 67 22 48 24 35 59 43 52 38 28 27 47 27 59 42 49 7 63 97 32 41 14 58 9 29 86 79 42 57 95 0 26 2 99 80 46 6 61 39 47 33 57 11
26 24 85 7 16 76 76 67 90 1 45 77 45 8 16 58 47 72 23 54 53 84 78 67 42 26 52 24 43 80 96 17 36 3 66 64 13 96 2 89 30 22 59 8 94 76 83 30 19 68 53 58 49 73 45 30 79 53 55 61 0 57 6 29 95 19 58 3 11 27 74 25 12 89 87 17 8 40 9 27 44 83 35 15 50 42 21 26 43 69 58 31 57 42 81 85 62 15 12 44
78 94 26 10 80 12 51 11 5 54 72 94 26 100 27 70 2 75 26 93 25 72 24 68 38 2 20 47 0 32 2 11 83 57 41 25 21 19 54 3 50 48 56 52 66 77 28 36 62 96 82 5 55 68 35 91 18 90 45 9 0 89 68 73 71 3 33 95 63 59 60 86 90 37 45 10 48 79 24 85 22 53 62 84 54 26 67 35 98 96 68 47 63 10 90 35 79 81 49 11
50 16 85 25 78 84 24 54 73 98 44 85 35 50 35 1 64 49 4 48 64 49 29 40 14 26 58 93 76 63 53 85 98 86 65 85 60 76 49 33 51 0 29 6 45 20 71 25 90 25 51 82 53 3 11 97 19 76 99 77 25 79 33 29 69 88 9 10 13 9 88 77 9 11 64 68 5 7 43 48 62 49 17 1 55 70 46 43 23 38 99 6 51 57 1 13 13 21 13 91
73 22 9 58 95 21 98 29 55 84 47 93 54 95 57 99 91 76 79 89 2 14 11 100 28 38 46 91 79 60 27 87 52 22 2 5 20 62 69 12 72 80 65 2 52 76 94 77 12 94 36 91 46 0 40 46 20 53 90 51 25 49 44 87 17 59 59 27 74 24 54 34 83 7 64 2 26 48 49 41 28 18 36 97 44 84 80 20 34 40 60 75 78 18 41 98 42 34 43 23
54 23 96 95 53 84 45 39 48 94 62 54 87 12 40 96 52 38 57 23 97 54 37 77 3 71 6 54 54 20 21 86 25 74 24 8 83 46 58 56 16 21 99 89 0 35 26 92 20 25 51 32 11 31 43 21 84 85 98 100 30 70 3 49 34 95 41 55 83 79 2 38 51 42 3 62 11 77 93 71 54 5 1 68 49 46 63 4 69 93 68 36 20 21 50 93 65 79 1 37
97 48 50 64 6 68 76 11 47 80 99 30 12 1 65 26 66 68 73 31 57 79 54 6 91 11 45 8 46 85 22 63 53 99 19 6 58 13 19 34 98 9 72 51 15 66 53 28 31 90 35 50 76 45 39 20 22 78 35 82 45 70 99 90 47 92 89 53 44 39 26 41 29 88 46 8 78 8 64 74 39 58 63 23 38 75 26 5 34 59 14 4 78 51 12 93 6 58 49 1
8 5 19 69 91 93 22 95 3 21 99 47 72 94 50 47 19 37 18 86 41 33 23 71 84 83 41 26 20 32 32 93 95 29 20 82 82 97 52 70 17 25 47 15 93 3 91 54 49 0 34 1 98 72 66 54 50 64 9 89 5 29 72 70 1 23 6 51 44 6 8 30 28 67 25 90 67 35 7 5 61 77 9 92 44 14 62 77 94 19 38 34 34 88 24 63 99 49 96 14
85 17 98 4 39 68 85 48 28 54 92 69 95 10 89 61 21 33 15 70 50 89 88 43 20 71 89 62 84 15 27 51 75 73 99 55 23 20 93 46 4 53 64 61 81 85 96 36 5 0 16 75 68 66 32 41 85 97 70 57 79 26 76 19 57 46 65 80 72 97 11 60 90 54 45 63 70 69 90 88 92 8 5 9 36 24 65 15 23 48 100 52 73 42 88 3 49 86 4 48
46 94 26 78 64 26 67 36 45 52 36 65 21 61 50 100 91 21 43 99 14 65 43 69 23 33 92 22 65 17 46 57 13 66 64 99 28 44 68 96 97 36 64 92 2 15 98 14 48 54 0 92 84 81 39 74 15 40 51 95 91 4 49 56 77 57 70 36 83 6 18 33 3 58 20 7 52 59 37 4 36 16 83 57 80 98 86 30 22 99 31 1 27 78 79 18 55 87 84 1
21 14 90 74 95 19 60 72 73 28 45 65 45 29 42 82 91 24 47 47 25 74 80 43 66 77 80 51 87 95 30 88 15 67 56 64 50 43 18 10 79 89 67 25 79 85 46 64 57 5 97 41 2 45 30 32 36 50 21 0 43 92 92 3 42 16 64 5 44 24 19 6 74 84 40 36 60 12 62 76 37 50 78 29 57 85 74 62 48 45 9 66 8 16 31 96 90 25 61 49
19 11 64 39 18 39 47 0 3 57 40 70 53 37 61 44 96 1 37 23 51 4 32 9 75 71 59 56 88 21 9 61 74 87 66 35 43 35 18 11 66 65 100 41 3 70 0 37 52 48 81 87 10 59 75 54 27 87 30 43 22 79 20 2 88 86 75 100 59 77 97 85 0 41 13 16 36 68 32 6 28 92 2 29 5 10 67 47 46 36 76 22 74 6 43 85 15 75 58 55
73 41 14 84 79 14 0 27 52 47 9 96 6 10 84 41 23 46 0 93 32 71 34 4 60 86 39 10 14 30 16 59 36 24 62 30 95 52 36 1 80 92 42 96 39 9 56 50 0 67 29 34 10 51 12 25 96 14 39 49 64 46 27 39 28 10 31 29 52 100 93 48 74 76 89 96 44 25 96 75 44 75 78 25 7 31 80 57 98 8 68 84 50 95 72 74 45 17 8 74
50 42 27 41 81 100 19 5 26 46 64 70 85 14 19 51 88 15 30 28 95 48 30 71 22 59 58 42 69 83 52 69 52 1 5 77 2 2 52 29 64 46 63 53 72 83 82 97 17 71 80 5 21 80 71 16 57 46 58 16 71 80 83 89 83 27 37 54 41 76 12 51 29 25 79 72 2 4 62 82 93 75 0 80 34 30 36 80 88 46 3 97 37 85 80 46 46 43 94 47
69 74 30 64 61 38 94 75 23 54 31 59 91 10 43 88 27 24 41 99 51 78 2 87 34 73 31 64 31 29 0 33 64 30 86 57 1 78 9 12 61 10 22 68 89 35 61 81 3 81 7 69 34 66 92 90 26 38 1 69 4 53 4 25 54 74 58 87 18 29 86 96 16 70 41 14 34 69 11 99 20 30 0 58 49 54 29 40 28 4 51 73 36 44 54 54 24 46 6 29
48 47 12 79 31 37 37 65 70 83 98 12 85 39 2 75 85 11 7 43 22 67 72 48 53 5 66 81 25 97 49 58 19 37 70 86 97 88 81 88 100 97 35 2 96 4 21 29 18 94 52 76 10 6 84 10 36 52 90 73 38 96 96 97 55 1 0 51 52 67 40 29 57 37 22 19 54 3 100 31 31 11 50 77 94 65 91 35 7 32 62 98 25 85 67 93 76 73 72 87
20 26 96 33 38 60 94 19 92 95 85 27 65 56 7 100 81 74 98 90 37 2 68 43 28 65 67 88 12 83 15 54 8 13 26 48 45 77 23 68 10 74 23 69 28 79 21 17 84 53 61 33 78 85 73 19 36 32 33 100 40 99 29 45 38 100 54 24 27 33 36 18 50 48 59 75 33 79 72 95 24 48 14 22 28 2 70 71 21 93 75 30 38 83 30 28 57 52 43 13
92 70 42 98 52 92 96 84 21 79 85 22 65 46 37 31 89 89 51 94 9 89 75 55 55 74 9 89 93 81 61 70 85 52 59 13 84 26 15 99 2 64 54 17 19 5 100 31 16 25 39 96 78 79 82 49 52 30 93 89 44 43 32 80 73 74 93 87 69 28 19 69 27 73 98 80 71 52 99 35 90 38 94 22 91 99 94 15 49 48 23 66 59 63 93 18 33 60 70 71
90 64 6 46 27 47 84 61 57 61 37 8 37 18 88 78 15 99 41 23 69 61 92 19 27 0 17 22 16 100 56 34 88 57 43 13 58 82 14 27 81 62 56 18 7 23 28 83 15 9 66 69 73 45 89 0 77 51 41 33 61 6 63 74 21 52 64 64 71 40 71 38 0 0 83 36 33 87 51 68 61 52 68 19 99 19 11 100 98 33 52 61 69 80 18 31 76 34 36 68
86 85 18 33 66 37 88 25 59 8 41 92 51 38 100 30 93 8 6 81 48 31 47 45 52 7 86 63 17 34 60 61 50 37 48 40 99 88 100 86 64 45 70 91 56 0 50 10 52 83 45 8 38 33 9 80 29 66 68 52 25 68 91 26 50 92 13 46 27 92 38 0 32 58 11 64 36 66 9 5 86 80 3 15 31 43 51 34 37 16 24 5 13 100 16 99 7 22 54 44
96 16 71 98 93 94 60 26 43 76 36 61 61 48 33 30 13 1 84 18 40 97 68 7 47 55 57 89 61 93 66 2 15 42 31 29 68 41 15 80 9 50 100 41 33 35 6 98 12 28 61 18 36 66 62 80 37 46 45 0 60 35 63 8 61 4 92 3 53 95 69 49 70 80 23 5 31 62 13 7 18 37 24 63 46 1 36 28 71 43 67 49 65 0 62 65 15 81 48 70
61 68 86 53 63 35 58 73 39 10 23 6 48 90 10 97 16 45 9 37 27 79 36 86 57 23 61 79 67 85 6 58 12 87 79 16 88 27 26 9 81 84 29 23 42 87 97 61 30 40 38 25 14 97 44 91 7 80 21 92 0 48 85 52 90 37 49 99 88 92 41 17 48 34 49 54 28 21 43 16 62 44 63 55 82 7 18 70 84 12 66 41 70 55 67 19 88 73 22 81
32 0 32 96 21 73 76 24 96 40 29 75 65 88 94 44 53 56 59 43 76 65 41 59 30 70 71 79 66 84 22 23 66 42 75 54 62 76 37 29 12 54 48 50 59 79 64 20 81 52 69 72 68 91 40 5 79 7 86 42 12 20 44 34 38 0 22 15 80 68 51 82 58 56 45 79 15 39 85 100 6 29 65 75 19 12 98 22 27 97 35 18 4 24 71 82 26 13 42 24
77 4 22 94 58 40 87 36 1 34 23 16 93 16 65 38 3 89 36 47 64 59 81 65 50 91 67 59 52 57 62 53 68 1 25 29 30 36 13 48 41 49 63 93 43 29 2 81 56 0 94 4 22 57 46 61 80 26 2 5 25 51 17 62 51 36 7 6 92 76 86 7 41 18 100 8 55 21 11 13 97 76 72 62 45 10 37 67 62 99 21 64 8 64 95 69 76 29 12 55
18 99 77 76 16 30 81 29 32 64 59 90 87 52 27 26 11 77 50 30 45 36 4 3 75 57 52 33 22 40 18 27 95 44 31 46 8 61 2 73 94 43 33 84 14 79 93 46 90 71 20 39 41 17 74 73 43 9 46 90 74 47 63 17 34 49 73 12 80 15 48 81 78 89 50 57 13 15 60 42 13 83 29 16 32 84 26 74 41 13 63 75 7 55 2 63 44 73 6 37
48 67 46 57 55 41 93 74 89 17 35 59 80 35 60 92 63 16 6 68 74 80 26 13 45 0 22 8 36 55 70 15 29 98 14 89 53 35 95 61 83 99 20 30 55 65 47 49 7 57 86 51 90 26 66 62 35 77 47 45 65 42 60 32 24 33 22 5 18 9 62 37 78 24 46 37 64 16 99 61 94 35 93 50 99 23 95 14 34 15 29 10 84 84 53 18 51 70 67 0
83 28 51 46 7 75 83 96 63 20 12 37 79 56 51 90 15 5 71 75 29 33 47 61 82 57 100 76 41 23 92 96 15 86 67 90 25 14 97 81 63 47 72 79 62 78 18 48 99 27 98 99 7 86 44 14 0 64 67 88 16 75 28 6 45 74 97 30 76 70 65 21 65 2 25 48 60 0 69 93 79 44 87 46 64 15 78 88 17 37 77 1 50 52 20 14 93 21 61 81
92 73 76 87 20 28 65 31 93 5 62 9 93 59 35 78 77 89 74 88 71 10 66 76 80 28 78 36 23 10 66 74 94 75 75 61 40 13 81 95 26 80 51 33 21 100 40 4 53 32 64 38 34 46 65 96 9 48 70 64 16 98 45 9 64 19 63 56 67 84 34 49 87 67 71 73 77 58 60 75 32 97 6 92 63 20 79 47 81 32 88 13 33 75 30 67 45 76 40 48
18 12 97 46 39 39 57 6 94 53 86 2 48 76 97 97 63 71 24 62 32 61 91 51 14 68 15 48 85 6 10 21 30 35 34 15 64 100 59 59 28 95 37 8 31 17 70 33 43 22 75 67 0 14 43 36 99 26 78 67 32 13 46 46 55 25 7 65 44 92 100 35 19 17 75 9 39 69 30 82 75 4 78 82 82 70 81 17 7 12 46 34 30 37 0 43 13 42 41 55
81 79 25 7 19 63 57 11 95 34 1 9 25 48 48 72 89 95 91 24 23 23 30 90 67 89 54 46 97 24 50 97 63 58 76 66 30 99 23 45 95 86 94 62 58 48 2 28 2 50 16 32 44 94 24 54 41 87 8 60 37 36 42 26 26 59 3 25 51 68 9 75 15 3 60 93 38 92 78 50 38 15 5 23 100 34 19 91 16 33 13 89 55 30 61 53 8 81 14 97
100 21 41 31 91 68 79 1 1 25 68 55 50 16 56 49 32 15 88 78 81 14 66 94 54 35 6 70 92 86 100 48 48 55 62 37 38 66 36 25 15 54 44 61 62 94 94 27 29 52 30 74 52 40 35 86 73 28 90 61 23 75 71 23 32 90 90 39 5 96 77 42 97 44 89 80 85 54 10 47 17 45 65 75 31 78 64 98 7 36 16 66 91 16 57 35 77 43 22 87
29 100 38 41 62 19 48 58 12 62 78 47 0 63 43 20 90 11 20 21 63 2 10 50 62 12 81 5 77 71 29 22 73 38 50 25 44 9 27 89 19 82 39 40 37 56 55 28 30 22 44 30 17 74 37 86 95 87 43 37 94 33 59 44 45 70 78 87 90 4 35 64 80 3 30 35 67 36 0 84 94 71 12 42 89 68 81 91 38 12 43 53 87 65 95 86 24 29 54 13
79 81 45 70 11 100 47 55 30 1 58 89 81 52 4 33 77 41 65 6 79 52 0 34 11 10 67 40 1 52 73 74 51 44 43 50 58 99 64 75 8 52 37 89 86 55 86 54 89 6 38 66 20 97 86 29 78 78 55 43 48 17 50 14 64 43 12 37 33 72 33 82 81 96 13 61 98 60 69 48 96 86 2 69 23 6 58 52 58 32 93 4 27 45 98 54 28 37 94 87
70 76 55 45 27 39 75 9 56 0 45 25 14 90 60 33 1 60 2 26 23 37 11 4 36 28 55 17 12 51 89 30 10 5 81 93 47 74 59 7 68 56 78 31 51 10 18 29 55 90 13 97 87 38 12 40 83 9 17 36 54 88 2 88 92 78 11 57 15 28 26 46 45 32 19 22 16 14 7 64 23 0 19 93 97 46 31 2 90 8 48 84 49 75 52 46 16 35 14 2
23 63 35 5 88 35 11 34 97 9 23 59 86 64 11 3 85 41 5 41 92 26 65 8 32 87 20 5 19 41 84 49 92 8 96 27 39 95 37 16 86 72 81 79 52 17 89 12 62 13 66 95 27 73 21 42 53 38 91 62 57 43 32 5 98 34 54 77 85 60 46 12 31 35 74 12 42 30 13 83 12 26 93 93 98 47 26 40 80 16 43 13 16 94 41 31 47 44 74 32
98 35 96 33 99 88 28 90 1 0 39 35 27 22 17 86 70 0 100 18 56 5 55 4 77 81 8 21 40 72 27 66 27 52 68 75 74 97 45 4 2 52 28 11 29 7 72 29 88 95 86 46 29 31 2 52 77 36 77 9 70 90 71 60 24 83 83 4 15 39 18 73 45 70 78 13 20 57 17 55 82 30 43 93 93 56 2 26 22 65 9 12 58 11 30 84 4 80 8 42
61 26 8 80 49 34 55 32 12 100 47 53 95 58 18 82 17 95 83 85 48 0 95 22 72 69 24 61 75 86 84 30 30 97 75 4 35 91 33 92 16 78 49 41 42 92 9 35 53 77 43 4 31 70 15 31 89 88 80 38 90 78 25 65 84 47 35 86 12 90 65 80 1 89 83 82 72 27 0 4 69 94 11 29 59 92 92 69 44 72 87 45 18 100 6 35 63 22 81 83
83 71 37 37 4 28 43 23 81 25 43 93 44 15 76 29 52 39 7 53 96 27 94 37 2 66 50 83 98 71 64 19 100 3 11 8 26 89 1 38 28 30 43 4 86 79 18 65 68 78 5 7 16 54 9 34 68 90 70 58 84 83 49 61 35 2 88 87 59 44 49 73 50 34 13 22 11 52 51 62 22 7 7 17 58 75 0 13 54 64 49 14 22 44 40 37 24 65 18 79
49 92 38 28 84 45 50 22 31 53 14 64 64 76 97 22 75 12 30 81 35 98 78 15 10 32 48 60 80 64 35 48 75 68 69 34 74 58 32 97 82 55 53 23 43 49 86 7 99 39 38 53 95 88 59 35 16 0 3 40 76 54 66 28 21 45 11 6 87 1 59 6 84 13 39 40 65 17 32 53 35 12 19 50 100 21 66 73 78 99 69 66 23 89 48 47 79 52 51 49
48 68 48 85 85 33 58 8 9 51 28 46 31 46 5 74 82 78 82 27 54 86 56 12 96 76 44 15 4 92 68 99 63 67 98 26 100 88 7 65 31 28 87 24 5 38 92 18 47 33 93 13 46 23 58 53 48 65 75 12 21 21 69 42 68 11 2 99 64 81 22 49 80 51 23 66 49 45 65 67 87 48 70 85 77 32 79 36 92 96 39 43 73 80 46 83 34 55 62 23
45 3 48 57 80 19 39 37 81 50 60 29 30 10 76 68 38 82 96 82 78 69 4 27 59 48 16 73 75 60 93 37 70 45 93 80 95 36 58 59 68 72 41 58 60 44 63 53 66 33 70 5 80 40 73 81 12 64 92 3 98 92 68 79 19 32 78 7 15 29 5 16 48 48 84 76 61 25 84 18 57 19 26 95 57 92 0 26 19 41 15 64 66 60 94 25 70 33 79 38
34 49 88 46 56 89 3 50 85 60 81 75 45 61 78 75 27 72 71 69 35 78 69 7 4 8 4 28 95 12 3 73 22 20 29 39 51 59 50 48 18 52 94 0 28 28 45 98 35 47 30 72 75 61 84 11 11 75 36 71 87 80 10 30 50 70 40 91 97 32 18 14 77 80 69 62 54 17 32 11 96 6 34 51 69 51 62 32 85 36 83 2 84 67 86 99 37 28 51 33
91 84 85 63 2 38 2 75 34 73 39 96 46 90 37 56 17 3 38 3 36 40 97 66 70 72 15 100 7 58 34 71 31 87 35 9 12 17 14 24 63 90 43 46 35 71 99 94 95 58 32 34 51 77 95 80 18 35 91 65 0 96 59 85 84 59 19 21 87 30 27 86 25 15 89 5 85 65 70 14 63 68 10 51 71 74 93 94 96 6 43 4 55 23 30 79 70 30 41 14
54 60 43 53 53 39 21 80 55 2 82 95 48 85 22 65 51 48 31 42 44 42 70 3 68 24 4 85 89 67 18 67 43 74 62 2 50 44 0 27 0 93 57 92 3 2 72 79 49 36 30 18 32 29 2 0 54 53 0 98 79 60 92 62 46 88 2 51 54 19 7 99 31 81 50 28 92 45 45 90 85 77 21 37 63 100 13 17 48 22 9 79 81 97 33 40 74 2 82 42
46 43 71 69 80 70 56 18 50 49 91 3 42 64 13 84 3 59 12 7 4 7 89 7 57 76 92 50 94 99 86 58 52 68 34 18 21 35 13 57 28 85 31 13 5 12 90 55 67 33 90 96 1 81 49 90 5 31 25 83 91 90 76 17 100 12 36 14 42 40 88 54 5 12 52 85 17 94 11 45 13 98 97 71 71 93 35 6 47 18 47 15 40 37 69 91 19 58 26 18
51 90 59 21 99 11 28 24 70 63 76 62 32 79 8 38 69 2 13 56 96 70 41 75 53 61 62 30 96 78 61 65 77 19 9 69 9 58 26 38 27 37 29 67 12 86 58 18 88 41 98 25 36 21 19 69 47 81 12 30 41 80 99 82 98 39 96 16 55 89 57 37 24 43 95 34 67 7 97 100 85 20 34 73 62 20 80 29 54 30 24 83 84 20 86 33 80 19 50 76
62 51 100 73 2 64 77 48 8 21 52 54 2 99 51 40 21 45 69 99 60 84 64 28 57 55 19 89 58 12 78 93 57 83 19 48 79 19 85 48 0 30 94 80 57 94 52 72 29 49 90 40 14 40 85 32 40 1 72 37 57 83 59 82 82 20 21 31 35 4 25 70 25 18 24 39 78 79 38 51 42 64 49 79 96 63 48 56 46 93 21 93 40 96 15 99 9 97 91 91
57 36 70 3 83 69 87 69 44 63 22 43 67 27 62 26 25 8 64 33 87 64 31 65 99 22 70 75 54 71 50 74 17 84 58 87 14 23 34 85 9 22 19 51 12 12 80 100 35 72 98 33 52 84 22 68 19 69 56 16 2 49 36 10 64 24 65 21 68 18 11 95 50 32 65 50 74 39 65 80 38 21 3 69 70 18 19 32 27 40 13 25 3 51 60 21 13 9 28 16
59 49 72 55 100 51 80 26 6 21 6 56 67 77 64 16 0 15 3 35 65 92 99 21 71 33 43 79 10 61 90 29 2 56 40 52 39 5 67 86 38 4 75 46 52 47 65 80 81 50 32 56 49 16 25 14 57 0 51 89 31 4 54 25 61 22 45 16 3 70 52 71 57 80 48 81 25 1 61 88 2 75 94 0 27 80 93 9 12 58 43 44 18 49 82 95 41 90 17 38
0 36 63 88 16 25 74 64 63 79 17 29 63 99 83 74 13 24 99 61 19 51 5 39 85 46 69 40 81 79 57 1 47 37 28 38 42 66 64 41 16 6 28 90 26 50 39 57 46 36 60 35 86 23 69 67 18 6 40 98 75 72 60 88 10 74 22 0 25 45 2 80 0 55 43 45 39 50 82 10 56 45 3 22 48 89 60 92 71 82 99 68 39 24 82 88 84 56 20 11
40 32 5 64 35 47 83 58 86 88 11 76 85 12 89 22 38 66 43 60 22 97 45 57 51 21 30 53 56 31 26 60 0 87 30 29 7 17 81 50 52 39 51 19 78 56 67 4 60 53 62 11 28 26 35 45 14 42 2 44 29 50 15 19 74 74 23 53 47 18 20 81 27 7 89 9 21 32 5 74 30 100 91 10 14 13 91 46 68 97 3 54 37 14 56 47 52 68 18 53
33 0 62 3 67 48 35 22 80 74 23 85 26 45 11 8 43 29 75 67 41 88 92 39 25 10 67 71 23 2 28 12 84 33 50 34 94 35 53 84 18 0 67 88 89 77 24 63 26 36 81 73 100 65 68 9 35 100 57 36 4 18 84 58 23 94 89 6 50 22 49 20 15 48 96 75 2 30 33 54 73 62 10 73 57 9 84 42 53 19 88 84 55 21 96 89 93 52 46 31
19 26 32 68 61 55 0 68 0 95 49 26 98 86 14 43 13 4 94 12 1 3 8 75 19 86 75 92 28 75 48 61 62 59 25 51 72 62 20 76 97 19 86 51 5 8 11 64 88 3 27 97 100 17 19 87 79 22 49 74 9 84 52 35 65 26 27 88 81 68 30 51 47 79 76 93 19 28 98 85 88 73 75 41 53 12 73 14 8 30 9 31 19 4 93 95 40 100 98 22
5 75 0 24 27 2 34 31 82 43 85 55 65 34 2 82 94 80 5 42 40 10 70 77 93 80 33 65 39 21 72 68 39 70 68 56 38 70 59 55 90 13 35 39 74 8 18 91 62 66 2 26 97 51 0 75 38 38 62 76 34 45 55 100 34 15 83 82 73 78 64 35 51 25 64 44 83 77 77 38 11 2 9 30 17 69 40 19 39 98 37 90 8 78 22 5 89 68 89 9
67 60 3 75 25 47 12 37 95 28 95 5 41 58 19 94 48 10 37 34 24 36 1 50 54 42 77 36 46 93 21 83 25 40 49 46 17 75 65 99 83 89 52 39 13 24 82 17 40 45 55 66 31 13 93 25 96 2 27 56 80 68 15 26 5 56 22 25 78 30 41 49 52 18 23 61 60 94 26 22 64 76 41 25 44 99 29 44 45 13 71 0 80 23 2 24 94 95 25 61
90 86 91 97 2 97 15 51 72 18 93 44 9 8 39 4 0 93 6 71 78 29 26 43 6 22 35 72 61 37 5 95 59 56 9 53 12 60 79 45 55 10 56 44 66 0 96 9 68 26 82 88 71 43 90 72 51 90 51 50 63 0 42 71 82 54 63 74 47 23 80 36 41 18 51 76 44 34 68 22 30 100 12 36 46 27 47 16 27 76 79 28 19 49 28 100 32 39 41 43
94 12 69 99 59 57 3 97 55 26 21 27 59 80 71 68 93 93 7 59 18 57 92 84 26 45 33 39 28 30 86 51 10 86 42 13 46 27 90 92 48 5 18 41 6 27 87 32 31 1 39 30 95 98 64 90 87 40 5 53 48 0 33 81 58 0 28 42 96 75 71 44 41 44 95 47 35 9 73 43 70 77 39 28 39 51 25 32 32 41 64 56 23 3 10 45 76 44 74 15
89 1 29 63 13 61 42 70 59 5 58 21 20 87 58 48 48 26 50 81 52 11 11 16 61 69 10 26 46 18 89 15 49 6 36 10 40 46 94 28 44 31 22 79 31 39 60 87 25 87 45 89 21 78 66 75 83 95 86 76 34 68 75 55 100 93 92 42 30 99 72 18 93 58 98 40 13 36 36 8 56 52 15 20 67 22 91 32 85 81 57 84 80 42 77 25 27 43 9 76
77 94 29 24 28 49 89 3 87 96 9 75 64 75 53 70 4 59 23 65 33 1 48 41 42 94 99 89 19 83 64 8 8 75 5 97 39 56 51 79 71 22 81 53 96 95 27 44 41 71 57 50 61 28 27 64 92 94 49 27 88 6 5 33 20 87 49 23 28 10 57 8 29 65 65 68 43 71 49 49 73 98 69 46 23 12 71 32 1 42 19 82 2 84 60 0 22 17 6 11
64 75 98 49 79 78 88 50 70 59 52 30 75 65 8 9 75 66 45 92 30 21 52 41 60 1 86 59 53 63 91 33 71 47 63 67 29 28 84 36 96 90 48 53 42 15 27 74 43 76 17 48 98 77 53 34 32 78 63 89 42 93 33 34 83 13 3 33 16 19 34 74 67 87 21 16 49 37 69 87 43 63 81 37 43 44 88 70 60 97 51 10 27 8 25 39 81 96 50 73
10 14 44 49 5 67 44 59 68 2 63 27 87 31 84 82 44 95 28 38 44 1 14 13 18 3 31 30 17 25 48 5 75 55 40 32 22 73 82 13 80 68 52 95 42 49 45 77 18 52 72 83 33 30 59 11 26 88 38 93 28 53 61 51 25 53 81 60 12 79 63 21 68 51 65 31 77 49 83 92 58 3 7 2 10 48 90 58 68 50 6 76 78 89 57 77 98 27 75 93
7 1 1 66 99 47 93 66 8 27 47 61 87 28 51 22 82 25 92 71 11 42 97 8 56 53 55 76 31 42 73 55 90 17 32 47 87 22 34 7 39 54 32 36 47 45 67 32 7 36 43 10 1 35 10 45 35 94 81 27 40 9 21 85 7 43 8 88 32 76 74 53 15 12 86 56 12 14 30 21 98 13 88 36 99 82 56 18 17 53 7 23 57 81 4 67 51 58 37 49
59 15 40 81 18 92 93 78 81 41 62 50 86 45 70 27 89 51 55 5 97 90 18 6 98 32 30 59 61 80 41 49 7 10 11 59 43 70 62 45 60 75 56 83 23 19 65 24 59 100 48 54 97 50 43 81 17 43 0 85 74 2 83 95 100 72 89 0 74 21 98 39 0 41 36 94 14 74 50 13 15 70 97 93 23 61 83 82 90 43 80 62 84 65 45 88 51 26 68 38
70 83 5 71 66 47 44 31 3 16 87 7 95 37 61 32 50 65 60 35 20 70 74 54 51 11 35 3 61 18 51 9 4 68 87 30 86 79 58 67 53 95 71 86 10 58 22 44 57 82 84 13 96 82 62 60 58 39 69 90 23 62 60 47 74 80 60 3 41 66 51 62 76 21 72 22 48 90 22 64 8 22 52 41 98 47 60 59 2 93 60 0 12 18 4 23 37 75 22 88
31 14 88 55 34 64 53 78 64 66 70 54 21 61 67 87 29 91 76 69 10 99 45 34 92 31 83 23 20 1 53 88 55 45 45 88 49 81 5 84 84 28 53 55 2 10 44 47 19 19 29 32 37 50 12 77 14 59 58 68 89 8 91 19 21 86 93 48 88 17 12 100 24 9 18 69 81 5 7 83 80 87 90 75 1 74 20 24 45 1 99 21 20 37 78 19 78 17 9 96
